0.8025938374329926
0.7966134217640484
0.7929326964154266
0.7886277419986059
0.7809723586768627
0.7757933751056089
0.8009549477024202
0.7927689770911274
0.7907482458309661
0.7990754929047666
0.7920323598735829
0.8049593340942149
0.8084267255671216
0.7904685972486617
0.8131670195183645
0.7717745890241294
0.7862879242481483
0.7750829081814841
0.8114902261387245
0.790584641180919
0.7987652242838001
0.7753933354737588
0.7699557958649971
0.7941513065927133
0.8116918841486491
0.7947295949812034
0.7921493480477854
0.7606014249137197
0.7893546281142423
0.7961295092774875
0.8154619597003018
0.7849156350695876
0.7875966359008642
0.7947712971770877
0.7753984052368343
0.7923157990154416
0.7997562982615835
0.7846577874820181
0.7888402949685124
0.7964387511997809
0.7838160689137256
0.7945506819059216
0.7946432313091323
0.829538842106627
0.7947613901876314
0.8002352502226123
0.8068623305054834
0.8083607956585899
0.8040243864336236
0.7954420960728409
0.7753876305220516
0.7816939375929797
0.7873766608187566
0.7957248855953023
0.8011193934312162
0.7866430218764295
0.7991706776343604
0.7843131838062178
0.7673580962622908
0.7941926555368655
0.8136976022102037
0.7919895928213943
0.7827002538158326
0.7875654317853308
0.7973243392636776
0.7990182406186545
0.8051552068771016
0.8053992345897459
0.7921517493943961
0.7830229797453583
0.8016237718317222
0.8146921932677423
0.8091115795592864
0.7850208734790532
0.7679196306654951
0.793536603306824
0.7984165796243125
0.8018150090497957
0.792544076251567
0.8157895750083257
0.7840422322775263
0.7809145415101542
0.790878317072021
0.8092559298085498
0.7922359922807993
0.793085178200068
0.7747090741162433
0.7797623127565809
0.8002079784237419
0.8054154515827314
0.8021331665679096
0.7867780840818642
0.8006802070572508
0.7822199864065674
0.8083199804178675
0.8126560714612183
0.7826367308919798
0.7915078320627497
0.7830016015385112
0.7985076024873827
0.8047486194361194
0.8186234458454126
0.7932031234696679
0.7847340444495409
0.7824566331850341
0.7722682819121238
0.803649667326138
0.8161530920825498
0.7826920308296685
0.7874054618761226
0.7836081087532928
0.78063929521765
0.8040072523151088
0.8095711942600853
0.7930422153928594
0.796452279975947
0.7769266953940668
0.7909549803495122
0.7925078054604714
0.80063238614939
0.7950489230022536
0.7938303977986881
0.8061013102247018
0.7866297336242192
0.8073487395481521
0.7952791060391922
0.8197685368399985
0.766503095683932
0.7821377430538375
0.7833248346591275
0.8109754635938005
0.7956378217625921
0.7927613566733512
0.7991434626188759
0.7730394111124084
0.7890775117958027
0.8114181256345785
0.7885177811376899
0.791477639879524
0.7936240063296589
0.8104486472983715
0.7933005941668626
0.7985415062636664
0.791722777452327
0.787648203539022
0.775499681461309
0.7957760655156894
0.794212573450855
0.8041601409131165
0.7977648957549915
0.78333293458106
0.7891790321351442
0.8037051935248164
0.7985992278181593
0.8135673174609294
0.8093605720260132
0.7619865286126412
0.794896504511624
0.7896484303920092
0.8075633936376126
0.8056278700109121
0.7886572036159039
0.793781233957015
0.7984550802037012
0.7801399491944676
0.7936751698056846
0.8030294789731468
0.8000588201116692
0.7894576756984847
0.7769380440841838
0.8065352659493286
0.7895716999946759
0.81004224329592
0.7887822163028965
0.7801334667936233
0.7556171608722158
0.8113865567898201
0.7989723924972094
0.7985720556251348
0.7884209902638214
0.7922943540579109
0.7826891748468034
0.7844744287575173
0.7709258226709976
0.7974121051028221
0.8140080519205058
0.7852319968634303
0.782956265675705
0.8124902031944775
0.78941801713401
0.8005072738229909
0.7934244079927857
0.7864616246957697
0.7795322278824117
0.7911173683852916
0.8092032308990028
0.778809309690514
0.7796732418056553
0.7847312708227228
0.8035534349229201
0.7959902298987782
0.7943989366944334
0.8094661011986383
0.7746713673632332
0.7796216477558389
0.7727082193571286
0.7911337788176631
0.8081749012806725
0.8015579483417019
0.7863793520116684
0.7685601653248714
0.7749694748755074
0.8127929490234785
0.8005731316783704
0.7869690421149523
0.7860116055819178
0.7699405513378519
0.7990687148074562
0.7938609797468399
0.8086230009012638
0.8001736600817482
0.7838087143912048
0.7889139093271497
0.7767365841449146
0.8022391146690323
0.8221519738297264
0.7849263085005277
0.765835113237457
0.782919191460092
0.8000764157797831
0.797408434083708
0.8026235506490199
0.7983196425969864
0.786243021811726
0.770013801302864
0.7840779980589269
0.8071375582393514
0.8013517590711986
0.7956047755094172
0.7863861386667597
0.7945954632581471
0.7973448163866366
0.811852392526796
0.8088979670691048
0.8063180550972615
0.7756625764196998
0.7888371093600995
0.8015169514411243
0.8123297809982102
0.7868606454819693
0.7841519169402903
0.7869287337968408
0.7783635092601325
0.8123344249194436
0.8095274324918292
0.7898873439753614
0.8033516083079505
0.7726627582486956
0.7764747646399763
0.788563607579426
0.8020405227941998
0.8029033499153715
0.7880459504241675
0.7928018397044129
0.7811116208393327
0.8034664610643597
0.7945582124166687
0.7970853675545407
0.7766878621531652
0.7950434304512887
0.7849392899143774
0.8237940146019921
0.8145389440012605
0.8007526339651923
0.7724594459360086
0.7913631530604968
0.7758330439729796
0.8088120792095977
0.8072433220629456
0.8089657296849391
0.7942333209325394
0.7954059694216064
0.7888057385524373
0.794582089428138
0.8112652129069869
0.7943053804935817
0.78891209178893
0.8011903217544304
0.7987814267789001
0.8189742387425851
0.7995799650716933
0.7778769017440896
0.8055351688497371
0.7791178808170998
0.7884336091298412
0.8043649070751555
0.8034640500189308
0.7776096051593101
0.7849860145874079
0.7899053342745902
0.783762469020971
0.7895323903527032
0.817112331219638
0.7896936268133422
0.7842910828193457
0.7759890702893923
0.7950737367046874
0.8038718014522245
0.8082570614383578
0.7862580745774804
0.7928402331940935
0.8018294255530014
0.8147785915065329
0.7960748183852504
0.7844729763848013
0.7958348852179274
0.7916329290858244
0.7836537465882717
0.7985046546845728
0.8072401109154322
0.7984000041778074
0.7860683707122129
0.771398977860375
0.7809244433313826
0.7946169637909071
0.7833230442708847
0.7813070583164794
0.7941432889261468
0.7781928790419145
0.792428896420165
0.8149571047824724
0.8122436168063106
0.7926818705701982
0.7980581450323734
0.792254845338485
0.7826709842955253
0.7991888554664289
0.779854709092991
0.80234152833992
0.7650543330763561
0.7909434569464442
0.7916076805139308
0.8088831886557073
0.7944832881471814
0.8008414251270531
0.7952232145407696
0.7581872967718558
0.792347254998184
0.7969894839060259
0.8168294715905011
0.7984138529478237
0.8029400540992909
0.764116930641759
0.7793567561757028
0.807607235278482
0.8213993406766843
0.7976958695409982
0.7809102992340583
0.7709927485708736
0.8064454322485115
0.7887845660007888
0.8151312534228435
0.7968842360662214
0.7734539554093782
0.7931230921855926
0.7833950743998758
0.8102697068046336
0.8152938180844891
0.7854509211172813
0.7815620110587945
0.7715168427875227
0.7841612060580352
0.8114736582096419
0.8077567754017786
0.8016948085870421
0.8035276544262733
0.788823847251068
0.8017898945162275
0.8086785266972236
0.8055101905023296
0.7806022318418921
0.7791111440656115
0.7854658852177238
0.7900904547607218
0.8095404434719697
0.8045273773663028
0.7925156414000624
0.7707992813967078
0.7934048467871999
0.7881067836881259
0.7871472531838005
0.8038544805727472
0.7792402372698788
0.7874569337678253
0.7824588177345534
0.7954429524213537
0.8060071117540766
0.8130322463309716
0.7813985473604158
0.7847521847280577
0.7926797019616413
0.8043404039026748
0.7840627062122928
0.79611430861316
0.78763107666945
0.7839714739017541
0.7897425719785675
0.8000162633795088
0.8054615745263726
0.812489130887871
0.7808584042859875
0.7891870517146253
0.764801800910487
0.8174474344844295
0.8080621653163017
0.7796216471182006
0.7938924770082858
0.7719886159457803
0.7989818403869418
0.8182624186824318
0.7946627353957321
0.7973520172382768
0.7831766405571555
0.7719127015243745
0.7837127080476177
0.8048838599118576
0.808280953115512
0.7814295098109557
0.781834903760455
0.7881001420454545
0.8068542153137863
0.8234790744064164
0.7954068563432075
0.7740697267733238
0.7907032897657897
0.7851304803499196
0.7947060331309559
0.8041239803663619
0.7938041710893273
0.7943106116798797
0.792861938308134
0.7993773924196719
0.7921808842723002
0.8163246121085229
0.8106452293366359
0.7870563131466167
0.786420141847532
0.7797851454504177
0.7935567672485969
0.8234828914447482
0.799852443945964
0.8115692019632736
0.7843867183929227
0.8018286744819617
0.7968319713884976
0.7968938650452898
0.7935287393111382
0.7815161712266492
0.7777754904409315
0.790553037903682
0.8034702065193796
0.8021220583010686
0.7893616714691717
0.7874394835148508
0.7869809869970713
0.8002700334030758
0.8071931596793731
0.8205536758308017
0.7907435202920039
0.7728327399214349
0.791526660890172
0.7941218783004171
0.8078898606593685
0.7955731199458222
0.7758630193926733
0.7946857547834109
0.7728033792188211
0.7695463930486549
0.8105393736930966
0.7970469188923501
0.8068127088393634
0.787446310710327
0.7689374601898789
0.7985350808811289
0.8015292649118604
0.8047249090161005
0.797470456040079
0.7804485564986485
0.7814682501424234
0.8035099160949348
0.7984316514856618
0.805538056714527
0.8010259277079139
0.7847934354758804
0.7794267331758262
0.7933972862067633
0.7967928955249367
0.8137374133045214
0.7860091525865882
0.7736813862978479