1072.796674225246
1047.6559334845053
1058.9623582766446
1012.0866717057195
1059.7979339884105
1050.0835474930718
1051.1064751826661
1029.0476190476193
1062.7827664399097
1035.8393550012604
1065.6991685563116
1069.5170571932479
1075.085613504661
1069.763970773495
1010.8142101284964
1078.7607961703202
1074.4611740992696
1065.3631645250694
1061.50244394054
1042.9108591584786
1091.8509448223735
1086.9672965482496
1057.6718568909052
1058.0809271856897
1081.0820861678008
1060.820559334846
1056.9504661123713
1053.7225497606453
1034.0312421264807
1108.0162257495592
1024.4586545729408
1056.4184429327292
1051.710355253213
1094.0648022171833
1047.3397833207364
1071.6020156210634
1086.6313932980604
1032.5052154195018
1073.6608717561105
1081.5507180650045
1062.7995968757878
1063.3182161753598
1086.0796170319984
1053.2971529352483
1037.7231544469644
1121.6380952380957
1070.840211640212
1083.5075837742506
1093.9657344419252
1025.9935500125982
1056.3118165784838
1036.294583018393
1094.124464600655
1069.3856386999248
1069.184479717813
1046.231594860167
1036.3651297556064
1058.3366087175614
1079.7043083900226
1054.5632653061232
1032.2402620307384
1056.9742504409173
1082.6966994205095
1051.8383471907284
1066.570017636685
1019.4876291257245
1038.3295540438403
1012.2991181657856
1033.4672713529865
1014.349911816579
1086.64731670446
1074.6186948853617
1080.6533635676499
1059.131569664903
1054.9336356764934
1060.9729402872263
1012.2659611992951
1065.353892668179
1082.5333333333335
1064.364222726128
1068.487780297304
1020.9036029226514
1052.5678004535155
1044.8928193499626
1013.5761148904013
1030.5898715041576
1098.5117661879572
1080.7113126732181
1088.6403628117916
1075.3263794406655
1067.4363315696653
1061.0539682539688
1075.7823129251701
1050.2930713025955
1030.830133534896
1043.1444696397084
1032.9990425799956
1063.8506424792145
1069.6909045099528
1083.656235827665
1084.9231544469644
1041.5402368354753
1054.3348954396577
1074.8638951877049
1083.228722600152
1046.8950365331323
1122.4366843033513
1056.1825144872766
1076.5697152935254
1082.5022927689597
1042.4849584278159
1118.995918367347
1086.7304610733186
1096.9942050894433
1080.34930713026
1077.3860418241372
1073.138825900731
1095.685663895188
1012.2338120433363
1050.7988914084158
1086.7959687578739
1044.718165784833
1021.7640715545484
1083.770118417738
1047.810934744269
1061.0477198286728
1090.015117157975
1061.689292013102
1064.2492315444701
1102.950264550265
1056.4142101284965
1077.9272360796178
1059.9932476694385
1085.2678256487784
1078.1120685311164
1055.2905013857396
1052.4858654572943
1030.263542454019
1026.1555051650298
1059.640917107584
1040.2649533887634
1038.505416981608
1110.3270345175108
1059.9377173091461
1092.4988662131523
1062.0726631393302
1069.6431342907538
1025.5839758125478
1083.7083396321495
1057.7193247669443
1054.9974300831448
1100.8071554547748
1061.9647266313934
1045.6957420005042
1078.719576719577
1091.4201058201063
1057.2364827412453
1075.660065507685
1114.2113378684808
1088.2741244646013
1061.4822877299073
1061.1849836230792
1058.4982615268334
1053.0510456034272
1087.3679012345683
1060.9522801713283
1079.2255983875036
1080.9557067271357
1088.897253716302
1055.675283446713
1114.9088435374151
1064.4107835726886
1075.2582514487283
1056.1073318216177
1096.3218946837999
1047.7433106575968
1072.892819349963
1050.0983623078866
1072.9562106324015
1081.675485008819
1084.5834215167556
1074.3977828168308
1072.1226505416982
1068.4890904509957
1075.3119677500633
1063.2883849836237
1056.6733182161759
1093.76286218191
1074.3751070798694
1051.9912320483752
1063.731821617536
1058.5102544721597
1058.0666162761408
1055.1528344671208
1065.3687074829934
1067.6622826908545
1072.7991937515749
1083.1191735953644
1034.8001007810535
1034.938775510205
1071.812345679013
1064.9437137818097
1090.7037540942306
1085.8633408919125
1059.5775258251456
1047.8988158226264
1060.4736709498623
1051.075837742505
1045.994053917864
1061.8115394305873
1047.9167548500889
1053.4118417737468
1045.865961199295
1026.3773242630393
1041.5671453766697
1043.6156210632407
1063.2153187200809
1089.4028722600156
1087.4741244646011
1076.2996220710515
1080.274628369867
1037.9578735197788
1029.1218946838
1066.8366843033514
1102.7042579994966
1041.3613504661134
1067.8764424288238
1025.2261022927696
1050.15328798186
1050.4925170068032
1070.9196271101043
1050.4362811791386
1075.394305870497
1052.089896699421
1075.3014865205344
1093.264399092971
1095.9346938775516
1085.7112622826915
1085.458100277148
1085.516956412195
1033.3568153187207
1078.811589821114
1101.0933736457553
1053.126530612245
1065.8185941043089
1093.836734693878
1085.2827412446463
1067.0605190224242
1071.1987906273623
1051.179138321996
1072.0329554043847
1015.4635424540196
1039.253716301336
1071.0897455278414
1059.2432350718068
1085.2182413706228
1089.1860922146639
1087.1410430839003
1088.2996220710513
1093.5100025195268
1082.6575963718826
1066.9190224237848
1084.4498866213153
1076.8568405139838
1083.1707734945837
1054.7677500629889
1042.4216679264307
1032.5842277651811
1058.2572940287237
1061.3938019652312
1061.080977576216
1104.9272864701438
1102.2898463088943
1071.9614008566393
1065.4206097253723
1056.6502393550018
1084.924766943815
1051.963517258756
1123.3622574955907
1043.9610985134802
1045.3573192239865
1106.470143613001
1030.3900226757376
1077.9244142101288
1072.7240110859166
1075.5639203829687
1046.7758125472412
1116.3038548752836
1074.4683295540444
1084.9726379440667
1065.9838750314946
1102.1671957671967
1084.8458553791895
1066.1855379188717
1098.8334593096504
1086.4984630889392
1067.4082136558334
1038.57304106828
1050.0272108843542
1080.3572688334593
1090.2787603930465
1066.0221718316961
1064.3868984630892
1102.5526832955409
1046.8732678256495
1078.6457042076097
1102.313328294281
1069.8072058453015
1041.7964222726132
1094.3365079365085
1062.3238095238103
1073.0116402116407
1052.1260770975061
1059.1920382968005
1094.661123708743
1037.0420760896957
1069.5536407155462
1043.621365583271
1040.4892920131024
1088.8489795918372
1069.9672461577227
1115.4648526077103
1091.1010330057954
1055.1882086167807
1034.30627362056
1067.5153439153446
1089.9432602670704
1082.2243386243388
1079.074124464601
1045.0696900982623
1045.911211892165
1079.1110103300584
1061.1518266565893
1092.5556059460826
1088.4815318720089
1099.7971277399856
1059.5877047115146
1100.6168808264053
1055.5383219954651
1064.3642227261282
1079.242025699169
1061.5675485008826
1097.1709750566902
1059.4230284706482
1095.0419753086421
1053.2531116150171
1064.4049382716055
1077.0172839506183
1069.6926177878568
1057.8407659360043
1071.5394305870504
1081.1108087679522
1105.2107835726888
1032.7769211388268
1089.6094734189976
1061.2353741496604
1097.019803476947
1072.101284958428
1074.9382716049388
1104.8148148148152
1099.2592592592598
1054.0543209876555
1070.1033005794918
1082.5728395061733
1065.8654572940295
1108.0776014109351
1113.1897203325777
1020.3779289493583
1046.0166288737723
1079.8715041572189
1106.8480725623585
1086.0569412950372
1063.9808515999
1089.4910556815323
1082.2121441169065
1053.3005794910562
1089.4960947341901
1080.8238851096
1094.4646006550772
1095.2985638699931
1092.4716553287985
1044.567901234569
1037.4703955656346
1090.4333585285972
1074.0740740740744
1068.7654320987663
1094.4444444444448
1066.4197530864203
1062.2222222222226
1093.580246913581
1070.617283950618
1039.060216679265
1099.0702947845814
1078.609221466365
1069.8236331569672
1055.8453010833969
1042.7815570672722
1044.5527840765944
1065.9284454522558
1067.094986142606
1044.6359284454531
1062.9856386999252
1086.0292265054177
1050.8415217939032
1073.587805492568
1111.1186696900988
1084.6938775510212
1102.887377173092
1074.2605190224247
1084.1370622323009
1054.3461829176122
1070.4812295288496
1073.9556563366095
1078.9115646258508
1069.7782816830438
1076.1199294532632
1053.9959687578742
1065.495086923659
1127.8936759889143
1091.997984378937
1069.0627362055943
1068.783068783069
1081.8014613252712
1094.0765936004038
1061.5091962711015
1085.9511211892168
1122.7210884353744
1042.9579239103057
1066.8531116150166
1096.7145376669187
1081.0582010582018
1050.733182161754
1090.188964474679
1078.0801209372644
1075.716805240615
1057.5762156714545
1060.934744268078
1081.229528848577
1072.9050138573948
1091.2975560594614
1076.5306122448987
1094.9861426051912
1058.8510959939538
1060.166288737718
1056.3240110859163
1106.8354749307134
1085.1952632905022
1053.9884101788873
1048.8284202569928
1064.902998236332
1100.4610733182171
1074.9206349206354
1061.070798689847
1062.5900730662638
1105.2935248173346
1076.0846560846567
1076.9891660367855
1070.9926933736463
1061.5873015873024
1055.9460821365592
1068.566389518771
1074.341143864954
1090.017636684304
1114.0186444948358
1048.6495338876298
1079.911816578484
1057.5787351977835
1054.64348702444
1070.312421264803
1060.3779289493584
1043.6709498614268
1109.160997732427
1078.8384983623087
1087.16301335349
1081.7939027462842
1029.9395313681036
1073.522297808013
1064.6913580246921
1044.943310657597
1095.4572940287228
1085.6185437137826
1081.9601914840018
1070.9070294784588
1081.3252708490809
1063.728898966995
1113.3761652809276
1063.6155202821878
1051.6452506928704
1064.4721592340647
1069.6296296296302
1049.8236331569674
1065.1095993953143
1112.1516754850088
1054.7367094986148
1102.4540186444954
1084.6208112874785
1041.7485512723617
1090.0478710002524
1097.6820357772747
1056.3592844545228
1066.7750062988162
1054.1622574955918
1059.4305870496355
1087.1504157218446
1074.840010078106
1073.8750314940794
1069.4104308390022
1061.4638447971788
1052.9302091206862
1079.5918367346944
1071.133786848073
1059.9470899470907
1045.285966238348
1113.3786848072561
1059.8966994205098
1105.2935248173346
1084.8198538674733
1061.0833963214923
1097.001763668431
1086.0947341899725
1069.8034769463345
1068.2287729906786
1083.5676492819355
1042.76140085664
1100.5668934240368
1087.8458049886628
1026.3391282438909
1093.2375913328299
1070.5114638447983
1047.203325774755
1108.7704711514236
1071.9249181153948
1114.9634668682295
1079.468379944571
1056.200554295793
1070.476190476191
1044.9987402368363
1065.888133030991
1094.6837994457046
1096.623834719073
1082.1945074326034
1073.1216931216936
1089.12572436382
1068.2539682539689
1088.5966238347198
1064.996220710507
1091.5016376921144
1074.885361552029
1075.7823129251706
1053.0990173847326
1064.3990929705224
1057.8407659360043
1095.9687578735202
1066.2862181909811
1085.9863945578238
1061.5243134290758
1103.7238599143366
1062.189468379945
1050.8515998992198
1010.66515495087
1092.1239606953895
1108.7024439405398
1096.5230536659112
1083.8372385991438
1094.2655580750827
1074.2076089695145
1069.6548248929207
1075.2809271856897
1081.8115394305871
1079.0551776266066
1070.5820105820114
1029.3499622071056
1074.031242126481
1100.6172839506178
1063.864953388764
1093.2300327538426
1071.5570672713534
1076.0367850844048
1088.4202569916863
1050.972537163014
1059.9647266313943
1089.6220710506427
1103.8977072310408
1088.271604938272
1053.6407155454776
1057.220962459058
1088.2514487276396
1076.6288737717312
1093.2627865961203
1085.394305870497
1052.8420256991692
1050.821365583271
1067.50818846057
1103.459309649786
1085.9334845049136
1069.972285210381
1078.4404132023187
1128.9997480473676
1063.3837238599147
1084.0665154950873
1090.3754094230287
1103.6684303350971
1078.1355505165034
1072.2323003275392
1114.096749811036
1060.8440413202322
1042.7664399092978
1038.0776014109358
1107.2915091962714
1096.0896951373143
1066.3139329806002
1100.0428319475943
1071.0733182161757
1070.4484756865713
1067.742504409172
1075.558075081885
1038.7326782564887
1073.776769967247
1066.5936004031248
1086.087175610986
1087.8054925673976
1103.073822121442
1078.0700428319483
1065.6210632401117
1060.3476946334097
1078.7427563618046
1088.4983623078865
1073.9128243890152
1074.9962207105068
1031.7888636936264
1039.7530864197538
1082.4867724867731
1082.5951121189219
1084.968505920887
1077.344419249182
1081.4915595867985
1057.4149659863951
1068.4328546233312
1060.2494331065768
1069.6296296296302
1095.8024691358028
1092.592592592593
1042.962962962964
1077.3998488284205
1058.7351977828175
1087.3595364071562
1079.5490047871003
1034.3285462333088
1063.2980599647271
1097.77273872512
1077.946586041825
1076.2660619803478
1070.4006046863196
1084.1421012849592
1063.1569664903006
1073.4643487024446
1053.2098765432106
1112.128999748048
1094.9231544469644
1081.8039808516
1094.2302847064761
1092.2045855379197
1062.4313429075341
1054.4192491811548
1075.0466112370882
1082.7614008566395
1059.1458805744526
1122.2171831695646
1055.2758881330317
1062.1667926429836
1105.1675485008823
1095.744520030235
1058.3774250440922
1074.900478710003
1084.2176870748306
1063.9959687578742
1045.555555555556
1047.3041068279172
1077.0269589317215
1042.7034517510717
1073.5474930713033
1086.812799193752
1084.3109095490051
1097.5711766187965
1094.3209876543217
1051.4814814814824
1058.0246913580258
1110.8641975308647
1073.4567901234575
1091.4814814814822
1059.62962962963
1069.1358024691365
1083.5802469135806
1094.8148148148152
1102.0987654320993
1071.4814814814822
1083.4567901234573
1110.4938271604947
1098.5185185185196
1068.0246913580254
1091.6049382716055
1032.9629629629637
1110.9876543209884
1048.1481481481487
1081.234567901235
1075.0617283950623
1074.0740740740748
1087.1604938271612
1080.617283950618
1071.4814814814822
1056.9135802469145
1088.1481481481487
1080.7407407407413
1075.0617283950621
1127.0370370370374
1111.6049382716053
1092.46913580247
1077.2839506172847
1100.123456790124
1091.2345679012356
1069.6296296296307
1094.5679012345686
1083.7037037037046
1069.4482237339394
1105.1801461325276
1073.92794154699
1014.9433106575974
1057.042076089696
1087.457797933989
1058.7654320987663
1102.5346434870253
1050.4963466868235
1069.7404887881087
1085.9158478206102
1074.575459813556
1105.2330561854378
1029.1257243638206
1098.2338120433365
1088.1481481481485
1114.8148148148155
1080.2469135802476
1065.3086419753095
1076.6087175610992
1061.5495086923665
1089.2315444696403
1084.363819601915
1046.5482489292021
1089.884101788864
1075.951121189217
1056.291257243639
1067.9012345679023
1074.0186444948358
1068.551272360797
1037.4023683547503
1074.5653817082396
1078.0700428319483
1087.8584026203084
1078.2968002015632
1087.6669186193
1119.491055681532
1059.5464852607718
1070.524061476443
1072.118921642732
1069.6623834719078
1074.4318468128001
1108.0927185689095
1091.836734693878
1072.2499370118426
1064.6787603930468
1078.3849836230793
1090.377928949358
1063.8624338624347
1118.8158226253468
1086.3164525069292
1098.2186948853623
1063.5147392290257
1112.0231796422283
1087.3267825648782
1080.9649785840272
1037.913832199547
1096.6288737717314
1060.171327790376
1078.0473670949868
1084.6762408667173
1075.946082136559
1084.4469639707736
1070.8062484252964
1086.900982615269
1118.624338624339
1050.5769715293532
1029.0224237843295
1109.082892416226
1068.4429327286475
1084.446963970774
1082.9705215419508
1053.9858906525583
1060.7407407407413
1030.1763668430349
1091.1060720584535
1085.6790123456801
1084.938271604939
1070.864197530865
1103.4567901234577
1111.3580246913587
1062.5925925925935
1096.543209876544
1064.1975308641981
1105.9259259259265
1082.5925925925935
1059.3827160493834
1032.46913580247
1082.9629629629637
1085.1851851851857
1092.4691358024697
1071.111111111112
1111.9753086419753
1078.2716049382725
1088.0246913580252
1066.296296296297
1137.2839506172845
1096.7901234567905
1038.8888888888896
1078.7654320987663
1118.3950617283956
1100.9876543209882
1050.8641975308647
1092.4691358024697
1068.271604938272
1068.7654320987663
1024.8148148148157
1105.0617283950623
1068.0246913580254
1078.0246913580254
1125.8024691358025
1118.8888888888896
1072.5925925925933
1090.8641975308649
1086.6666666666674
1088.765432098766
1081.8518518518522
1072.3456790123464
1069.506172839507
1021.3580246913592
1099.5061728395065
1062.962962962964
1079.8765432098771
1069.8765432098774
1068.6419753086425
1051.8518518518529
1073.7037037037048
1069.506172839507
1086.7901234567903
1085.0617283950623
1082.2222222222226
1087.9012345679016
1061.2345679012353
1110.1234567901238
1077.9012345679016
1090.6172839506175
1083.580246913581
1104.9382716049388
1081.7283950617289
1103.3333333333337
1112.8395061728397
1059.7530864197538
1030.1234567901245
1100.740740740741
1067.7777777777787
1077.160493827161
1055.8024691358034
1054.5679012345686
1128.641975308642
1100.740740740741
1052.3456790123466
1080.1234567901242
1089.3827160493834
1069.6296296296302
1085.308641975309
1059.0123456790132
1073.827160493828
1092.2222222222233
1042.8395061728404
1064.8148148148155
1104.3209876543215
1069.0123456790127
1105.6790123456794
1067.2839506172843
1058.0246913580254
1107.7777777777783
1067.5308641975316
1101.2345679012356
1102.222222222223
1046.0493827160499
1092.3456790123464
1075.67901234568
1076.913580246914
1112.469135802469
1071.975308641976
1105.555555555556
1058.1481481481487
1115.1851851851857
1077.5308641975316
1104.1975308641984
1089.8765432098767
1041.8518518518526
1066.6666666666672
1086.1728395061737
1077.2839506172845
1097.9012345679016
1068.518518518519
1110.246913580247
1091.3580246913589
1049.6699420508953
1077.2234819853875
1054.0564373897716
1108.0901990425805
1085.7319223985896
1075.2481733434122
1055.9637188208621
1073.7692113882595
1107.2184429327297
1061.861929957169
1060.604686318973
1089.9924414210134
1064.8223733938025
1052.1012849584288
1113.2325522801716
1046.1274880322503
1088.5285966238353
1092.607709750567
1069.2088687326789
1075.782312925171
1041.252204585539
1071.8543713781814
1043.5802469135813
1126.9816074577982
1068.7855883093985
1048.8914084152188
1066.2635424540192
1099.73544973545
1079.138321995466
1073.7666918619307
1102.8395061728397
1103.333333333334
1094.8148148148152
1075.555555555556
1099.8765432098771
1060.7407407407413
1115.8024691358032
1082.0987654320993
1113.950617283951
1080.3703703703713
1069.0123456790134
1083.4567901234577
1070.4938271604942
1104.5679012345686
1100.7407407407413
1085.9259259259268
1107.0370370370374
1102.5925925925928
1098.5185185185187
1049.8765432098771
1141.1111111111115
1037.901234567902
1094.5679012345684
1099.753086419754
1099.8765432098771
1100.7407407407413
1031.2345679012353
1099.8765432098771
1097.9012345679018
1091.1111111111118
1081.2345679012356
1096.5432098765436
1077.7777777777783
1052.7160493827168
1090.4938271604942
1088.6419753086425
1087.7777777777783
1072.345679012346
1120.4938271604942
1084.0740740740744
1114.4444444444453
1094.197530864198
1103.7037037037044
1069.2592592592596
1064.1975308641984
1041.8518518518526
1106.5432098765436
1060.6172839506185
1054.4444444444453
1062.8395061728404
1058.1481481481492
1079.5061728395067
1075.6790123456794
1109.135802469136
1072.3456790123464
1082.9629629629635
1109.25925925926
1074.0740740740748
