806.1778562975265
836.3573093137309
841.2308642314905
791.8470153247421
815.3201687932882
794.0290012394192
837.6135012743542
857.4701865365718
807.3414302432017
821.4814698478981
817.4992782688562
801.2354931277916
790.3537781369795
821.1999262148463
796.248833487655
864.2068973639331
819.8885799874978
809.9465092659004
838.0589394787227
810.2152249350281
810.0245647421822
830.3558458949217
809.4362818387281
823.3662813005964
849.2973223457981
815.8178625844237
798.7650492616639
846.9254006202724
831.726354719352
840.5168281298969
841.5376974191643
820.9597474027072
836.1821559513214
833.2488147384208
818.4050284063444
835.5454773004427
842.8068199192791
843.5069966107817
803.3002890358367
812.7396705679481
840.4228433876069
816.4325206377263
839.0720215121146
845.0392948055884
838.368750364706
791.3159266460099
810.4931435190463
841.1757286771094
844.9064681600812
844.0546012844835
824.3900787581149
797.9716644778205
827.4147882383734
856.7783748064885
865.6822983036318
845.0396029482328
804.4290771108369
815.7384063438894
858.4808665868906
853.8440272064983
841.8741047364042
831.8292375437182
837.4960911244606
817.0207371225699
842.3653144767276
827.8134922343432
886.883708335612
834.3782688355329
837.1070758415749
829.3776605333716
808.5968719806893
862.251127030795
833.1641052506534
796.7925616567364
831.2776880407766
861.6219539892647
849.7122369148086
873.281336964673
860.7883270677548
844.6704303051315
827.0747835993179
827.3906148978142
851.0691670710651
843.5985686429606
838.1111926652828
811.3437929452073
818.4865933246236
825.4729823622857
850.590918553427
841.5486888063189
861.2796011419067
827.277317206753
820.3935250500236
821.077607519553
843.2511149439048
856.3291120845757
852.7897012149367
827.0068542097351
811.3337251081259
816.076346105451
827.8014836848853
846.1993303110823
848.8403922169144
819.5616598547913
808.2096036362003
841.8662396030107
824.8951356820029
870.7801832816044
823.6677249607408
831.9442059677225
829.5737529790141
826.7465658645821
871.0684298597223
847.1996191361068
877.4992804436172
841.3182155858934
773.1440303156336
829.0826213307522
839.4338682640478
838.2883681681152
840.630551853628
829.684389160287
826.2765468777235
867.3273481988103
837.9351943193333
812.9002464707062
859.7071731948922
818.2619767984913
840.7754647971295
864.5139485807807
872.5329514137246
836.7376543368322
845.7154574591457
824.7279762023735
857.6521709329019
832.6431591962122
850.086864787573
859.9576056415747
836.3702519288964
793.3477782426111
823.2928022477386
858.2039505627738
830.9996381910312
860.6300344359593
882.2021292050686
822.1781749425044
820.8526298018492
843.6194013117757
839.7791482734852
858.6860152796864
809.5650804204488
845.5746025502644
877.5288408383173
853.6706382121954
871.2654846513389
837.9049816587078
846.4997608835645
857.5717076088212
821.2027064524333
836.2680906595423
860.9970738844439
872.0752467676622
883.7402850065592
847.4469601613619
812.0370555318888
869.5394723619663
863.322379733945
881.053436621699
872.1545434649253
801.1695471899509
813.3436563705187
870.5139981917621
890.8587790227838
825.8510756160132
832.2364053006938
865.9753745575105
828.8906012705241
862.7630683431565
894.9846973312249
877.4770062159388
819.8460223943464
837.4142005941424
854.1442672496283
905.9014392555123
890.9625421965243
840.6252352363598
888.0793427870937
905.8616403499318
831.6143340409358
862.8039167432249
855.2830636850832
844.0050985019417
837.4935146697381
838.6095533538044
832.6505466347998
888.1233001048348
840.3623458403902
817.4670004002909
830.6388849067371
872.1903230579742
866.9730665502375
876.6345939106862
845.9113243750337
891.344176153412
876.0484321201978
900.9499919666148
901.2217130663516
867.8522988084177
899.3287267246914
845.7147423223407
829.7895628001739
883.6420126346927
858.4759905820882
895.4318333321044
886.5606688380633
828.7157192403987
822.9421539376043
874.3897866570026
876.7990289628017
871.6366568345051
855.2337369323957
875.4306975155981
855.0971724395876
852.7666931426647
877.6916913067452
903.6346068158508
854.372799027708
867.349401541112
897.792613931113
880.598034201618
853.8801798919807
891.9645530880166
882.0370787023988
872.021130371494
837.0044802528454
866.0210243731294
906.8441380843315
940.4458583614493
895.594773394029
859.4189850887695
842.5967273789615
896.148937114299
904.6217315609292
882.5361171260348
860.1282195475128
885.1375196412997
890.7361906000789
879.6907129539667
909.0349219702525
935.0183917212439
847.1303821170933
899.47070309571
831.9553560113238
834.6029790051298
937.4514309802437
932.006531974935
856.6956217050968
879.1034958392631
858.156250659886
856.7449864330282
898.2333863108157
897.2197511322347
850.0286727266255
894.9298663547117
886.9951258122676
860.5641767805239
850.148163048155
893.4380457438671
848.7883629614875
892.4364150191184
890.424956153885
882.8733116738149
860.8385467380201
894.2624110164086
867.8111652191255
872.2674538478444
891.1038392134166
900.327780866816
906.0903324065093
901.2972277350339
832.4031404271936
886.6802482304668
864.6141214419916
849.059269752845
927.3107938131541
881.8396599429236
943.7097040499432
850.5934102319593
911.8450841607456
901.117024497561
889.6007455803931
899.8333554675926
859.3961520613767
877.9457525957382
859.253915111156
909.908921909913
862.6161757321292
879.9945448976046
910.4036378971113
848.525855749836
885.6403316003258
885.3722191545186
898.7083424572063
877.5944337206867
853.51480675879
878.4685192920477
894.1072395289035
956.5968160212187
878.4885392762725
889.3961824667392
894.730481379753
876.1513588797245
883.5297531339638
934.3978867971151
908.1610587790225
909.5618918663355
890.0262801004789
898.4351410223207
895.626559586059
874.7432463607146
903.1788158654565
841.612373760014
933.4915977621837
902.2936886308245
889.1730681954022
925.1868401379767
918.815628080911
896.1953896255908
865.4863774315991
903.6655255675217
929.3518245519266
864.1952481489635
938.1916253564274
879.6828559185786
832.0667113766623
876.087426888272
899.8613754279694
913.8195924300381
879.4628007293368
912.3500434987617
886.1912989723306
876.7170165056821
860.308226069342
939.9230990611093
910.3210270741306
847.246571608591
881.0030974566963
874.7648921111482
920.5471000913748
949.4393365246517
871.7192036013714
889.1504830935922
884.0099799093681
896.6215375959404
871.9983243128496
909.6185029837859
885.2532704857737
883.4873932869126
873.0722921719137
915.7527625939631
922.7441282294287
893.4252348472777
891.916821572518
917.821853931703
891.6361788949202
897.6727884343705
853.8248298575079
928.3626450914622
915.035613550634
890.672302925858
867.1149028084931
880.7396724552323
919.2311911174384
884.5353397250254
843.0145021542605
885.9399933491575
888.5083553694859
883.3815177807605
917.8844568299698
885.547158653205
884.9480989403633
885.7948983967344
891.7544242255199
884.2688644068744
909.5676513808218
918.548486244611
870.4118044612947
883.259401807508
884.0451798746236
916.3969670481036
935.8085004005752
903.6945553685505
941.1429386998008
845.6009144550524
891.4227591723221
873.1940188674747
965.7326164376719
927.7452759771528
871.1561344384921
864.9352583572867
920.0226733898063
912.660408044645
879.9391154801559
856.030367625662
888.2258056175889
820.0209936387965
896.2950591097155
893.69897698671
943.2340981614003
932.8305997523804
860.6178180518657
862.1741492007517
911.2038116883976
905.4792533396849
936.9193724118843
884.3598507412904
850.6343990944953
892.400414683413
880.3579426972493
884.6920553255347
895.3509173831436
857.4504191472433
903.5510290883252
884.5612037572852
877.9479943629713
915.8310944640056
933.7950336323008
899.7750881483839
853.2833558675632
912.0927017168276
848.8711205655262
855.774865956801
915.2436610214872
941.6281633538482
902.971626608413
825.4516289772989
922.0011918426688
848.4482039139529
933.1633229257794
910.6433199026004
910.7060586288444
896.155519018558
881.8416567503982
897.0357051591463
891.7310385812282
851.6806765732758
892.8434783440464
890.3603682022242
897.7761370013262
897.6589863279261
911.4533038720538
906.1222649474544
895.6648256555455
844.3103103497774
859.2080048625938
922.7772829303134
920.4580572135499
932.69107893531
876.756618648985
901.9383814310098
920.3544510198212
955.5234294449184
927.3549586776862
936.851769589838
880.3454817057676
874.8629580878415
941.6850303548006
899.313341558403
900.4945007536063
841.187716576892
867.6890503753995
861.1239022109507
895.0967676926158
885.5506824905865
901.0157308471124
904.3635603200435
890.0871513986319
904.321280716284
945.7191582499132
876.176495186912
890.4047625219685
870.7006196460454
850.7065782669802
881.9852205071758
919.173947709568
869.3019166849298
889.9000974797885
891.9065181203586
869.4039217559613
894.1407151954064
918.1109763547555
893.8254266221779
890.2130784905119
822.359384254052
888.3764671360974
904.5744624310768
881.4663795363537
855.2636687311222
863.8197184964523
885.9465830870114
920.0552754247392
925.9689429408545
873.8618058876071
888.8356413637299
897.8420820896491
849.7180414735485
888.2101103830124
906.8558550095116
881.6057473115894
876.6464608882444
850.8278910564313
854.945300069761
924.8552572524603
894.9075327078386
929.0368443112616
946.7414384340084
846.2406559279666
839.2511299867361
918.3807774716864
907.5146062901742
929.1239235792268
910.383411131517
882.4989605652484
883.6033708295071
927.7927724211813
905.5776897765535
941.9983777165594
903.6455272421183
889.1242570911132
895.1614707682891
891.231913835323
926.0317289052136
923.4958033619018
863.7819674012854
915.836733496582
887.2785423681257
887.7305721354959
920.5611997500253
914.1500267829811
906.0949596979902
887.3858330782573
885.7380936894195
877.6295594837259
948.8052915518824
889.7896011886543
924.7249795939189
876.7865619579633
892.3841585042343
906.5841820987656
891.9682532394653
923.4338116008571
945.2072754055711
880.580826573819
894.9368470054075
932.9051512600751
906.4900533108867
892.0157088562394
902.4195719824511
886.0881740383634
848.8255120650952
866.1279709978573
904.0492028874608
906.0124534486278
850.0370912406894
881.4382894602592
912.9299969390876
961.8915850423424
889.9304968880726
940.0370230078564
868.3787323997552
897.6767300530558
840.8116875828995
874.3316039179678
912.9405194622998
865.4491467707378
874.3534116416691
892.0909345985103
893.4294089888782
895.5112463013977
907.8866716406488
932.0304343944495
867.4055765993268
902.5110760381593
919.4383876645238
983.1370638200182
902.7624151872258
917.0138372359964
883.9702504846446
887.8531017243138
889.0116416692172
883.9721252933377
888.1602719110294
902.9528704325951
852.9411641779549
871.8883328606926
886.4643908612708
906.5631116131434
881.6548630572797
922.2074275707691
912.9579993867587
903.1214706835577
929.6835424669789
908.1804425983651
930.6264166515746
926.124677432552
874.4042604997761
879.9959583051342
893.0825330610288
916.7577542688606
940.0809732469397
906.6443588329029
899.1811346001699
856.5339880004831
878.5535078490157
932.0879806638261
944.9462755305495
883.0251587318613
838.0506031643018
914.7483924452135
895.0990980701954
923.2506471406421
896.5325230521642
926.8874050746539
893.926228138044
945.106737195184
901.8224900520354
900.3648511631467
895.0821006785021
913.460969543924
884.3040888684827
898.6679592643605
896.2903568513414
870.2637128864401
933.2666602897663
892.9555670339761
857.8741556983981
870.6437837975712
905.7560185185185
934.9424497500254
909.5877544383225
956.1306659840515
853.9047281781153
928.2470499157275
877.4181850066321
921.4198952758511
903.4839959550594
918.1977540557084
847.2215781552903
903.2575859606161
915.0535385419854
932.0182800224466
946.7607061779412
900.786385955515
893.0314183501687
903.349207450585
883.9193226456483
905.8837076573819
912.4052520151007
881.5667056518137
815.0073257830832
835.7700859606163
928.2578907764513
945.6344059279662
900.9527867054384
889.981354285489
911.861432899651
856.5027860500959
892.7922169931638
910.6540870348482
898.9275823423321
893.212939834012
917.8967006491466
873.5102465556796
926.3794723540852
891.1804356874823
908.8711543120737
857.0582043103258
913.6337556518313
900.3538057716199
915.4797772868673
909.1811319788007
872.9484488443737
897.765949722135
861.5320951136086
910.5945420904551
915.1155618587577
928.940610155503
865.5560979009982
891.3229588866014
891.966273778998
925.1764997608994
889.8820794648278
889.0266809134125
889.1131202914647
906.6971256088727
900.9583157185252
935.0314139746001
906.0155882710404
924.0932997599464
908.4401000807068
850.5732469393529
854.7292177635113
905.0644692441876
915.6463617378571
939.0508032709924
876.5889952132206
909.7038240219113
880.8678293234327
929.6018700889042
924.2398236255291
895.1325911084745
908.7704699559296
865.6159746648617
911.3807248721884
938.8515447610744
908.9498834682149
901.0578906396464
906.8542714221486
823.7915542655242
903.4418823537355
917.4862186071158
958.5297931143779
909.3187800464541
894.4808924809593
912.553446207117
937.5189646146907
909.3508863207416
919.0779539059995
918.3889027106551
907.2697607960703
903.5575701970952
862.9864411653497
913.7652774401777
914.238861007051
913.6792720576321
950.0017214453441
947.8535587671304
933.0435099262525
904.5373698251786
930.4099340963902
890.8407775656855
884.7665190160492
922.5095375745503
908.4298471304745
910.0851546091621
944.3617058640832
907.6293595557653
876.2273885441391
879.7703751298768
910.9140849355459
903.4631159622335
889.8549521838394
895.5283396841968
885.3534136584468
863.7555282099067
903.146544677667
951.2579744837492
929.6789811452051
901.8577548447674
843.5830266728309
927.399425999536
932.0326636727452
866.5091964787863
906.3093300296141
861.2506460285462
877.5223135928331
901.2318392123501
934.1183721256286
923.066979999746
901.8848459627736
909.8755875839238
884.2495090095673
864.0600162922085
902.3483511785043
951.9074406577574
910.9869413504342
864.9401163848299
874.4647185721641
858.0999695563692
916.4276251425869
909.6134488562888
899.7355365148818
873.884020191694
899.0738669925107
869.0529375224405
920.7823590179876
945.7330535220088
884.6987207518727
887.4967196937924
920.609934592862
936.8759237546909
1002.7418070290832
964.0866745466622
959.0531841694711
885.9820669736055
922.5379723032465
962.4742297940081
980.4904880036609
969.820255083074
943.5488803575236
939.6022818623483
942.86372072407
997.9534659269639
971.5319743518862
958.1539716923882
942.9231054648407
914.0518568033275
926.9761496690721
940.1636288967057
949.9019846149453
950.4396517868211
890.2055828019107
932.9459231350946
924.6216965979394
943.7400125031377
938.0838221790096
909.9090001143875
929.9813874828819
909.1615843874417
919.0221820278919
968.2716440911157
992.4475974752244
959.0840826478059
917.3697651253016
929.3763284782395
924.159888599744
987.3543930973784
942.060749918182
922.3308783811699
924.0026282008511
929.2958470359465
964.686290873504
940.1497580396608
978.1897932613333
971.6857542871307
931.2342822690575
906.754610671039
904.9875751062052
967.1392755210172
981.7056135434245
936.9229682997005
910.1598700317107
892.3374359353205
924.3400072802577
902.0394826092006
956.2222060968288
948.4314625493696
897.9336208896138
953.1942628550371
928.5065705021276
982.863470661316
959.5852482039653
916.4872412390658
932.6998713145932
925.7724611640151
917.5307405606871
999.1302585464589
959.8602289210131
984.8754051207266
926.6465180270783
903.3163168330046
972.9739369155538
937.7441575236485
958.4568001499746
918.1843050670283
903.5059322383959
956.2118508933308
908.2204917212391
949.9784461475406
946.4671186543007
960.20048129931
941.8279499938044
955.236934221104
951.6702916233746
938.6103919026699
955.9928947385148
943.61328573562
941.368678607402
914.0762726351279
961.4423707823757
950.3624723961865
919.0568878466962
908.3784154060268
929.6709105842956
918.7657464071358
972.7031774968945
992.975919703484
940.8076103914265
911.4203295935135
937.4652965642588
931.068218040741
1006.6564100425459
972.1365043165222
916.2043107228312
923.2791605898561
942.8026133464246
926.1799813962209
975.8184005833741
936.603782159437
959.1069955611481
927.3703847217065
927.244153075264
952.5935330022469
947.6449086651355
981.0261812049408
939.436627918061
903.6992501493388
876.2500896627487
933.880650659632
903.4898120279552
940.5010439206475
901.8548770577751
889.5492248292935
887.5768905633881
940.0477387312893
974.353127214263
971.5415020764426
928.4673373400572
907.4670349293502
931.9339233797555
946.5103322466566
1005.5163888015102
948.313587987456
914.3138295506183
921.2044093022074
902.5919849644606
945.1366721635992
912.1998703017914
924.6933373527668
910.2976340353838
936.0317870828449
950.101550023672
946.7083287260783
897.3961122311512
925.2899026042118
924.6284788550813
872.7328016719574
901.1414263744715
948.5823271643775
944.1729277677691
953.8050996557271
910.517285905612
902.9935481545563
889.5252324876637
935.6217907090725
916.5052508213626
895.4350795029566
944.5625580871632
879.9662507427217
903.0807671715584
924.2870612582259
987.3478558191225
898.4796737824935
924.8955622996241
904.3117692138436
910.7057592677324
958.6632681605297
969.2852618470012
906.1036869759253
934.9987571531615
867.4648784359802
921.982742512416
896.95448323674
923.9133167352994
891.1155432708655
929.724592674941
931.2546588089135
959.3357648520436
958.5020163891196
914.9824393867906
889.5296050509819
879.5681239891841
894.0912012544444
925.8560338760365
958.9193893361104
951.3825938887145
892.8975673096176
877.4354021895584
841.5679685737529
910.2356144609035
901.564250320125
924.5186027068424
925.3398212424659
885.4978053379025
905.82509957232
911.0985863471138
963.3177494709604
955.53496334849
901.3342541489134
899.1660125158476
924.7992703855164
912.8498342976799
950.9779152805186
899.2086407683314
908.6589044542629
884.6830802520329
902.9366245817727
958.1241581035268
890.1444953029828
939.530079220961
