1091.9098009574202
1039.6497858402622
1055.6135046611244
1049.619551524314
1074.7946586041828
1022.3910304862691
1078.1783824640968
1065.2028218694888
1032.622826908542
1050.0579491055685
1068.6873267825652
1040.9498614260528
1063.6633912824393
1042.436785084405
1037.37465356513
1066.5436130007565
1054.0539178634424
1050.1192239858915
1059.141244646007
1015.7268833459316
1089.3474426807759
1076.8808264046363
1058.6167800453518
1032.2852103804491
1059.327286470144
1055.8478206097263
1027.631645250693
1075.8331065759644
1031.940438397582
1034.9584278155714
1063.630234315949
1091.8367346938778
1057.1487024439411
1060.2876291257248
1100.4988662131523
1060.2943814562868
1090.527387251197
1086.2513479465863
1060.1372637944069
1086.2673721340389
1038.314840010079
1046.4881834215173
1035.997278911565
1081.9677500629884
1054.475081884606
1016.1187200806255
1064.3110103300587
1049.4987150415727
1036.3021415973803
1046.6372385991438
1031.6427311665411
1063.0032753842286
1046.6918619299577
1033.036432350719
1078.0901990425805
1075.205341395818
1031.0934744268084
1021.310959939532
1067.9123204837497
1051.477651801462
1020.0176366843037
1067.20413202318
1031.0237339380203
1062.597228521039
993.8959939531373
1088.4958427815573
1076.211438649534
1047.1102040816336
1066.7779289493578
1083.365784832452
1063.5302595112123
1060.0302343159494
1038.8212648022177
1029.4788611741
1033.701990425801
1069.350365331318
1077.4380448475692
1052.6098261526843
1047.4019652305371
1073.749055177627
1062.9377676996728
1055.2024187452764
1017.6895943562618
1053.207760141094
1037.2919123204842
1058.2942806752337
1046.3794406651555
1002.5778785588318
1032.0538170823888
1067.8407659360046
1050.0278155706733
1048.745376669187
1029.1887125220467
1077.367094986143
1074.0291257243643
1066.1199294532635
1085.334643487025
1059.2621819098017
1051.1820609725378
1050.937263794407
1067.2134038800712
1061.0812799193757
1009.2462585034024
1066.228269085412
1046.0350718065008
1063.4424792139082
1056.2488284202575
1019.1962711010337
1052.9125724363823
1083.9809523809529
1040.696296296297
1075.3111615016385
1057.2436381960197
1102.947845804989
1090.9448223733946
1043.9606953892676
1057.3192239858913
1049.2265054169823
1011.1388259007316
1058.241773746536
1071.887125220459
1054.2579994960954
1024.3134290753346
1076.1249685059215
1042.738725119678
1058.5966238347198
1031.1413454270607
1050.932224741749
1079.1735953640718
1066.1224489795923
1086.1224489795923
1060.6979087931472
1064.4066515495094
1075.2733686067024
1033.2401108591594
1033.8825900730665
1033.0461073318222
1058.9090450995216
1044.1698160745784
1041.5570672713536
1061.2068531116158
1082.0962459057696
1083.653313177123
1021.2950365331325
1056.7926429831195
1098.6369362559842
1041.103552532125
1041.8795666414721
1049.6951373141856
1062.9150919627116
1075.5958679768207
1058.9040060468635
1056.5457294028727
1064.8727639203835
1048.2388510959947
1059.4608213655838
1034.688838498363
1053.7163013353495
1020.1965230536666
1056.6187956664153
1015.9838750314947
1096.0922146636437
1051.8972033257758
1050.4938271604944
1028.747795414463
1043.5752078609225
1083.5097001763675
1085.3640715545482
1060.881834215168
1051.2471655328807
1087.5862937767704
1096.9790879314694
1061.363063744017
1042.582514487277
1064.5930964978593
1078.828420256992
1020.2166792642992
1053.8170823885116
1013.9934492315452
1043.5676492819355
1038.9191232048381
1063.020912068532
1047.891156462586
1074.3738977072312
1019.9319727891166
1014.797178130512
1060.614764424289
1020.1360544217694
1079.5389266817845
1059.649785840263
1060.8591584782064
1058.7931468883855
1051.0304862685823
1069.1080876795168
1080.866717057194
1078.5563114134548
1069.1861929957172
1067.0294784580506
1056.719576719577
1052.6757369614522
1037.2108843537424
1037.309145880575
1080.1914840010083
1049.302091206854
1041.2748803225
1027.9113126732182
1056.0141093474433
1069.0299823633163
1073.3106575963723
1044.6434870244402
1030.7533383723867
1068.1859410430848
1084.547745023936
1023.1821617535912
1053.5273368606706
1098.5714285714284
1058.7855883093985
1050.8541194255486
1078.0977576215673
1047.4275636180405
1089.9445704207615
1049.2164273116662
1099.8261526832957
1104.5527840765938
1065.986394557824
1075.7772738725123
1049.911816578484
1055.25321239607
1053.2275132275142
1069.5943562610232
1081.2522045855385
1056.3164525069292
1064.9130763416485
1071.8644494834975
1034.638447971782
1087.4023683547496
1077.5888133030996
1037.1227009322258
1037.054673721341
1107.520786092215
1064.0715545477456
1077.6946334089196
1056.442428823382
1049.9319727891161
1058.5285966238353
1034.9130763416485
1032.2852103804494
1076.5709246661636
1083.547493071303
1059.385235575712
1098.9392794154703
1067.669438145629
1096.6061980347695
1077.2360796170326
1060.1436130007562
1076.4323507180657
1107.6366843033513
1030.6273620559343
1054.2076089695145
1043.126732174352
1088.1783824640968
1037.9642227261284
1082.5699168556314
1088.1657848324521
1039.9899218946846
1054.013605442177
1085.5883093978339
1061.0934744268081
1071.5268329554049
1014.4570420760906
1055.973796926179
1080.5139833711266
1027.1982867220972
1083.6633912824395
1021.6830435878059
1063.5500125976318
1090.7986898463096
1024.7014361300082
1040.8767951625102
1077.1806500377934
1070.8641975308649
1020.3880070546746
1095.5731922398593
1004.5099521290006
1061.8442932728653
1085.1297556059462
1074.154698916604
1077.0420760896955
1017.3293020912079
1028.364827412447
1039.6800201562112
1066.324011085917
1074.2403628117918
1051.5268329554049
1038.9695137314193
1039.7152935248182
1048.1506676744777
1061.766187956665
1075.3842277651802
1082.4212648022176
1035.2481733434122
1065.9939531368104
1048.100277147897
1048.0120937263796
1113.7969261778787
1026.8657092466626
1042.254976064501
1096.9438145628628
1076.8606701940041
1048.86117409927
1039.6749811035536
1057.2889896699426
1047.858402620308
1059.6069538926688
1029.4608213655843
1049.9067775258259
1120.4963466868232
1083.655832703452
1070.5996472663144
1047.1504157218449
1052.592592592593
1034.4268077601419
1089.7203325774758
1026.5280927185695
1038.2161753590328
1043.1746031746036
1048.0700428319483
1049.707734945831
1086.5684051398339
1024.4242882338128
1054.0287226001515
1065.3640715545484
1091.7082388510964
1044.280675233057
1035.5076845553042
1067.490551776267
1050.4333585285976
1050.3804484756872
1092.688334593097
1071.7510707986903
1085.2809271856895
1089.9546485260778
1043.917863441674
1047.8735197782821
1030.6928697404896
1076.8052406147647
1067.9919375157472
1042.1088435374154
1059.304610733183
1079.5036533131777
1069.8412698412703
1070.7533383723867
1071.5192743764178
1053.7037037037044
1032.5951121189225
1090.9473418997234
1048.2514487276394
1088.760393046108
1054.7367094986148
1040.8364827412452
1078.2968002015627
1066.4550264550269
1066.7069790879323
1046.7800453514747
991.7384731670451
1076.444948349711
1062.0256991685567
1056.9488536155206
1052.3179642227262
1065.7571176618803
1092.5673973293024
1048.374905517763
1073.5273368606704
1043.1620055429587
1036.2685815066775
1063.8775510204089
1057.1856890904514
1055.3212396069544
1102.8672209624592
983.7339380196529
1073.197278911565
1071.3151927437648
1031.0934744268088
1065.3187200806253
1034.0388007054685
1008.818342151676
1046.0342655580753
1027.7928949357529
1055.3943058704967
1064.353741496599
1044.736709498615
1033.9027462836996
1030.6248425296048
1074.5049130763423
1069.6220710506432
1079.7354497354497
1045.4018644494843
1040.216679264299
1038.6293776769974
1054.079113126733
1090.468631897204
1083.6281179138327
1022.8445452254988
1033.3383723859922
1042.6429831191742
1080.0755857898719
1083.993449231545
1060.3376165280936
1043.6281179138327
1069.428067523306
1097.0697908793147
1076.4298311917362
1109.1307634164784
1057.5409423028473
1078.5260770975062
1053.3534895439664
1068.4908037289
1064.6787603930468
1040.4283194759391
1027.586293776771
1051.471403376166
1015.5832703451761
1064.7694633408926
1048.7251196775012
1068.7679516250953
1048.1305114638453
1106.6893424036284
1047.692113882591
1071.171579743009
1047.0949861426056
1078.7175610985141
1053.7339380196531
1090.8087679516254
1087.258755353994
1054.4520030234323
1045.107079868985
1015.6512975560603
1074.1068279163521
1043.028470647519
1025.7445200302352
1050.335097001764
1068.2690854119433
1038.0120937263805
1053.4315948601668
1054.4897959183681
1101.4487276392047
1027.7828168304363
1047.4628369866473
1068.0448475686576
1091.7435122197028
1084.6359284454525
1072.5648778029736
1076.2433862433868
1047.1730914588063
1075.3313177122707
1075.8201058201062
1056.4121945074328
1063.23759133283
1047.6442428823386
1040.0907029478467
1071.7787855883098
1078.3824640967505
1107.7853363567647
1089.5716805240618
1029.0980095742007
1036.2711010330067
1037.8306878306885
1068.377425044092
1044.4192491811546
1045.490047871001
1027.6215671453776
1072.3028470647519
1041.9324766943819
1124.7190728143114
1083.6734693877554
1068.657092466617
1054.557823129252
1089.271856890905
1058.8888888888891
1056.8405139833715
1031.7737465356518
1047.9289493575213
1066.802721088436
1053.5726883345935
1062.874779541447
1088.6444948349713
1054.9962207105066
1074.4318468127994
1049.8337112622837
1061.6049382716055
1055.1095993953145
1055.2179390274634
1050.4106827916357
1045.8301839254227
1065.7420005039055
1059.720332577476
1086.5734441924924
1080.3048626858154
1034.6535651297563
1017.2612748803231
1047.0370370370374
1050.269589317209
1095.0919627110106
1050.0579491055687
1095.9334845049132
1067.026958931721
1037.9919375157478
1056.7775258251454
1062.8067523305624
1103.1494079113131
1051.4210128495847
1101.1992945326283
1059.4885361552033
1054.928193499623
1089.4431846812802
1058.684807256236
1055.6563366087182
1010.8893927941556
1077.5913328294284
1038.606701940036
1064.4016124968512
1071.8065003779293
1036.5734441924922
1067.2310405643746
1033.585285966239
1082.1113630637446
1054.8450491307635
1044.8828420256998
1058.8586545729406
1068.730158730159
1083.9934492315447
1050.234315948602
1045.8024691358032
1050.18644494835
1064.7241118669692
1097.5384227765182
1051.2093726379446
1092.4792139077854
1054.8702443940542
1071.504157218443
1053.587805492568
1090.1612496850594
1010.158730158731
1035.391786344168
1082.8143109095495
1052.6354245401872
1068.8939279415474
1078.6873267825654
1054.779541446209
1101.196775006299
1053.1040564373905
1049.0929705215424
1031.924918115395
1051.0632401108594
1072.6631393298064
1058.9292013101538
1045.3212396069546
1097.3721340388006
1036.3265306122457
1001.2446460065515
1061.7913832199554
1043.0133534895447
1060.9019904258005
1061.64525069287
1060.0125976316458
1090.5996472663144
1030.0604686318977
1045.7596371882091
1091.922398589065
1064.9407911312678
1049.7203325774758
1043.5701688082647
1063.3232552280176
1079.823633156967
1026.2106324011095
1032.887377173092
1072.592592592593
1068.5865457294033
1068.2186948853619
1058.6772486772493
1075.8755353993452
1092.6606198034774
1062.3330813807013
1054.6686822877307
1057.8886369362565
1030.0604686318977
1054.5527840765944
1043.9178634416737
1078.6621315192747
1046.8833459309656
1068.148148148149
1043.030990173848
1064.719072814311
1040.7105064247933
1045.7470395565642
1038.0020156210644
1063.5097001763675
1076.3164525069292
1051.6654069035028
1057.7878558830948
1062.2625346434875
1056.7069790879323
1085.978835978836
1047.0571932476698
1090.9725371630136
1034.9886621315202
1041.6477702191992
1083.0637440161252
1047.3872511967757
1073.4265558075087
1076.7447719828672
1048.6117409926937
1050.0428319475943
1033.3812043335859
1029.2466616276147
1070.8037288989674
1068.934240362812
1074.1395817586297
1053.5651297556062
1068.9921894683803
1111.5016376921137
1035.0113378684814
1033.4265558075087
1040.9171075837749
1038.075081884606
1029.3172083648283
1039.9722852103812
1052.7135298563876
1032.6984126984134
1055.3187200806256
1061.350466112371
1045.802469135803
1034.197530864198
1070.2620307382217
1069.120685311162
1043.2023179642229
1061.748551272361
1054.7543461829187
1073.1620055429585
1080.5719324766949
1062.4766943814566
1048.1053162005546
1010.1864449483504
1071.2547241118677
1120.294784580499
1085.6261022927692
1036.4953388762922
1074.2831947593859
1015.6412194507438
1044.8526077097515
1094.8248929201313
1069.9143361048132
1044.8828420256998
1024.091710758378
1039.677500629882
1049.5238095238099
1095.8453010833966
984.9634668682294
1041.6150163769214
1079.884101788864
1019.2290249433117
1062.7412446460069
1082.2121441169065
1063.2401108591587
1061.370622323004
1034.5175107079872
1061.8241370622327
1031.4462081128752
1060.5542957923913
1043.4693877551024
1055.867976820359
1068.5588309397833
1073.4567901234573
1027.4452003023437
1094.0488788107837
1039.86898463089
1033.4542705971282
1084.9407911312678
1047.5787351977833
1029.6397077349466
1079.979843789368
1044.6233308138076
1045.8755353993454
1052.4187452758888
1066.7220962459062
1019.2542202066016
1059.1559586797687
1031.8342151675486
1048.072562358277
1052.38851095994
1049.9269337364583
1041.337868480726
1066.5280927185693
1067.5233056185446
1050.143613000756
1058.8359788359796
1035.7243638196026
1066.1904761904768
1022.7739984882847
1063.073822121442
1035.8049886621322
1053.7163013353493
1024.0891912320492
1043.3610481229534
1065.568153187201
1056.8253968253975
1068.38246409675
1069.9521289997485
1034.5023935500135
1053.8775510204086
1047.3469387755106
1074.4016124968512
1079.952128999748
1066.2962962962968
1030.9725371630136
1045.62358276644
1047.5359032501894
1032.5673973293024
1063.6482741244652
1034.0337616528097
1072.6681783824645
1072.794154698917
1017.974300831444
1051.8518518518526
1091.5419501133792
1056.9463340891916
1049.7530864197536
1076.1048122952886
1082.4867724867727
1011.4991181657856
1071.9652305366594
1063.8070042831948
1023.1569664903004
1096.225749559083
1073.451751070799
1044.0211640211649
1040.622323003276
1098.556311413454
1036.0367850844048
1056.4247921390784
1095.4950869236588
1020.6475182665664
1035.001259763165
1044.4041320231802
1019.6220710506431
1044.6082136558334
1055.2330561854374
1042.9302091206857
1046.2055933484512
1042.4590576971534
1028.5890652557323
1062.3708742756362
1025.5983875031502
1058.3950617283956
1048.4404132023183
1057.490551776266
974.1320231796429
1044.3159486016636
1034.9433106575973
1030.962459057698
1074.197530864198
1040.5114638447974
1039.3020912068537
1059.7077349458305
1043.4391534391536
1074.6812799193756
1034.2529604434371
1050.2267573696147
1011.8493323255235
1024.4469639707743
1046.3114134542711
1065.2179390274634
1043.8170823885112
1052.433862433863
1019.0224237843292
1072.0836482741254
1073.000755857899
1065.3363567649285
1008.3749055177635
1039.8966994205095
1020.2443940539182
1092.4439405391786
1050.0881834215174
1084.7392290249438
1037.3242630385491
1059.8966994205095
1071.8972033257755
1029.619551524314
1057.742504409171
1043.5827664399103
1035.799949609474
1053.1620055429585
1043.5097001763675
1074.3008314436888
1077.0269589317209
1046.979087931469
1087.404887881079
1050.5391786344173
1066.004031242127
1040.5794910556822
1042.1995464852614
1069.6044343663398
1046.409674981104
1049.0904509952131
1041.8896447467876
1050.1284958427818
1020.4913076341653
1050.2746283698668
1060.4333585285972
1050.9926933736463
1044.0816326530614
1050.728143109096
1057.8105316200554
1008.2161753590335
1060.42579994961
1065.8024691358028
1072.2600151171582
1033.043587805493
1052.648022171832
1045.1725875535408
1078.936759889141
1086.371882086168
1041.836734693878
1048.7729906777531
1097.722348198539
1045.7394809775767
1079.387755102041
1066.2811791383224
1030.1612496850596
1074.3562610229283
1035.7268833459318
1068.8158226253472
1054.7241118669695
1093.0335097001764
1075.3892668178385
1075.8276643990935
1053.2451499118167
1087.2562358276643
1080.100781053162
1066.2307886117412
1054.4242882338124
1067.2562358276653
1076.9942050894435
1055.8478206097257
1107.5812547241121
1047.0345175107084
1050.7508188460572
1066.2962962962968
1092.595112118922
1073.7339380196524
1034.5855379188718
1070.9599395313685
1045.2053413958179
1032.2600151171584
1075.653817082389
1045.958679768204
1055.7596371882096
1054.3260267069793
1080.5820105820108
1094.1370622323007
1065.5656336608724
1073.7465356512982
1047.5384227765187
1071.9929453262791
1078.2312925170074
1097.971781305115
1044.0740740740744
1051.9400352733692
1059.4079113126734
1029.6825396825402
1018.8838498362313
1046.4273116654074
1105.8755353993452
1060.7155454774506
1066.664147140338
1086.8455530360295
1055.9007306626359
1043.3560090702952
1074.2831947593857
1055.7722348198542
1049.8261526832962
1029.1987906273628
1035.8226253464352
1006.9891660367857
1054.74930713026
1069.4003527336865
1030.8440413202322
1049.3449231544478
1040.0100781053168
1045.8755353993458
1036.190476190477
1018.3673469387768
1087.7021919879069
1055.4950869236588
1027.7853363567654
1044.6787603930468
1072.5371630133538
1104.6157722348198
1098.924162257496
1072.2726127488038
1087.1705719324766
1034.27311665407
1069.5112118921647
1013.5953640715555
1047.3116654069045
1056.0342655580757
1086.1224489795918
1056.1602418745283
1065.9309649785846
1092.0131015369116
1064.9659863945585
1070.062988158227
1085.0844041320236
1022.4212648022182
1036.9790879314694
1071.0506424792143
1079.8261526832957
1044.9004787100032
1063.1015369110605
1030.4358780549264
1041.4436885865462
1043.481985386748
1023.3585285966242
1048.0120937263798
1054.0110859158485
1085.394305870497
1038.9518770471154
1080.4383975812548
1079.6069538926686
1074.0891912320487
1052.3935500125986
1073.0032753842283
1039.8639455782322
1054.3587805492575
1034.6258503401368
1091.877047115143
1090.3325774754353
1101.171579743009
1026.3214915595877
1078.3497102544725
1090.9599395313683
1048.722600151172
1053.7037037037044
1053.9229024943318
1040.9448223733948
1072.1718316956412
1066.3970773494584
1096.6061980347702
1025.0768455530372
1025.7697152935255
1044.8677248677252
1078.5865457294028
1071.2093726379444
1074.4721592340643
1068.916603678509
1077.3872511967754
1080.1587301587308
1049.4104308390029
1034.6056941295044
1061.8946837994463
1067.7954144620817
1082.8193499622078
1091.8669690098266
1087.3293020912074
1095.8604182413712
995.1121189216436
1047.29654824893
1013.6986646510466
1068.3824640967503
1070.3980851599908
1096.6767447719833
1080.9196271101036
1022.5799949609483
1066.034265558076
1068.2741244646013
1046.2358276643997
1067.0345175107082
1013.2023179642237
1042.683295540439
1043.7717309145887
1065.6286218190985
1103.2224741748557
1069.460821365584
1059.7329302091216
1042.4640967498117
1074.837490551777
1081.9853867472918
1036.4323507180657
1054.910556815319
1024.7946586041828
1055.6210632401117
1082.8445452254975
1070.9800957420002
1026.7775258251459
1060.1839254220213
1051.2068531116156
1026.5406903502146
1069.1761148904009
1091.7762660619806
992.7513227513233
