间接攻击模型修改
1143.9959687578732
1063.8498362307885
1067.0143613000762
1090.3527336860668
1094.9433106575964
1085.8478206097252
1118.2968002015618
1079.6523053665912
1083.9103048626855
1126.837994457042
1067.3192239858906
1050.964978584026
1066.7804484756864
1060.8037288989672
1091.3429075333838
1038.458453010834
1077.2915091962714
1043.384126984127
1076.6943814562865
1043.602922650542
1065.8049886621316
1050.3980851599902
1107.9037540942302
1039.0274628369866
1105.5731922398588
1123.4870244394053
1120.1087427563614
1073.9682539682535
1078.4278155706727
1093.6205593348448
1115.1927437641725
1087.4527588813303
1084.8425296044345
1035.7046107331826
1128.9695137314184
1115.5555555555554
1096.4327538422779
1096.6515495086924
1070.410682791635
1080.9070294784574
1060.3959687578733
1053.8800705467372
1104.4343663391282
1080.8793146888386
1079.8290753338372
1086.0090702947848
1086.5054169816074
1069.1861929957172
1043.0083144368857
1090.6878306878307
1075.1931468883854
1087.820609725372
1094.930713025951
1047.9491055681535
1109.594356261023
1084.6535651297556
1136.1984378936759
1079.94708994709
1089.65482489292
1118.065003779289
1139.3172083648274
1077.3066263542455
1106.8560342655578
1102.4825396825402
1065.296044343663
1083.5903250188967
1136.4625850340137
1092.8898966994207
1083.9103048626857
1127.7299067775257
1075.323759133283
1118.7226001511717
1079.4482237339382
1114.421768707483
1089.2768959435627
1112.925170068027
1053.3308138070042
1109.4507432602677
1081.0560846560847
1127.58629377677
1061.6380952380953
1122.0433358528599
1040.5744520030235
1056.6947845804991
1053.9858906525576
1089.901738473167
1049.0702947845807
1095.9813555051653
1092.43890148652
1074.6535651297559
1076.1098513479467
1065.3695137314185
1092.9050138573948
1113.240513983371
1089.7560090702948
1086.5079365079366
1084.771982867221
1062.6858150667672
1067.5686570924665
1075.2834467120185
1092.9083396321494
1103.1548500881834
1116.7728898966998
1132.749609473419
1149.8618291761154
1158.5613504661126
1127.251599899219
1123.3912824389017
1098.5982363315695
1116.2307886117408
1087.543461829176
1105.8532627865961
1147.5589821113629
1133.943461829176
1139.9201814058954
1137.0496346686823
1130.663038548753
1114.923960695389
1124.415419501134
1142.7953640715546
1095.8864197530868
1095.6688334593098
1111.642731166541
1131.2479717813055
1130.6827916351722
1139.0177878558827
1107.2537163013355
1104.6766439909297
1156.9488536155204
1132.7794406651553
1144.6611237087432
1182.8529100529101
1145.8583018392544
1130.1725371630139
1136.8913076341648
1122.227664399093
1155.4350214159742
1113.4240362811793
1140.945225497606
1120.2880322499373
1164.9231544469637
1138.4101788863695
1126.3697656840516
1124.6950869236584
1114.4599647266318
1165.8255479969764
1151.4840010078108
1133.6155202821867
1132.273015873016
1148.9799949609476
1143.9233056185437
1161.3962207105064
1151.3529856387004
1127.320030234316
1148.1787855883094
1152.8604686318977
1145.4505416981608
1149.8265558075084
1181.7913832199547
1149.5670445956164
1125.7751574703962
1150.206601158982
1149.765684051398
1154.0547241118672
1167.348551272361
1152.4796170319983
1174.9991433610485
1153.8056941295035
1159.8819853867471
1157.0122448979596
1162.6538674729147
1154.6665658856139
1167.2012093726378
1177.5938523557575
1179.1391282438904
1151.2983623078862
1132.0877802973046
1143.356009070295
1139.6657092466621
1144.507835726884
1170.948148148148
1143.2257999496096
1147.1764172335609
1159.6934240362812
1205.886419753086
1170.003728898967
1157.917157974301
1165.2489795918366
1150.0608717561097
1170.9607457797938
1165.4962962962968
1163.7037037037044
1138.1363567649285
1176.6469135802472
1166.3571680524065
1159.1160493827163
1162.2477198286722
1147.7580246913585
1184.8987654320986
1158.9094482237342
1162.4946334089193
1190.8444444444447
1204.4444444444441
1152.8751826656592
1178.2518518518518
1164.4888888888893
1184.6518518518517
1178.8493827160496
1176.6469135802467
1194.795061728395
1176.1530864197528
1142.5580246913582
1167.288888888889
1153.604938271605
1180.2913580246914
1195.2888888888888
1187.2444444444445
1180.2469135802469
1174.7950617283952
1178.4987654320987
1154.651851851852
1151.8518518518515
1165.3530864197533
1169.2
1150.9530864197532
1178.7901234567903
1172.4493827160495
1164.0353741496601
1178.498765432099
1200.0839506172838
1188.43950617284
1185.9901234567906
1157.802469135803
1165.7432098765435
1154.058049886622
1171.5456790123458
1164.302040816326
1152.9037037037042
1166.9975308641979
1145.8666666666668
1174.4444444444443
1165.950617283951
1168.7464852607714
1160.3514235323764
1177.758024691358
1180.0000000000002
1178.3072814310908
1149.506979087932
1170.2913580246911
1159.2000000000007
1207.3876543209876
1172.0987654320988
1161.0962962962963
1154.1580246913586
1193.293827160494
1168.8493827160496
1174.8987654320988
1172.3456790123455
1170.7012345679013
1174.8987654320986
1199.9810531620053
1152.3069790879313
1184.795061728395
1191.6888888888889
1153.5604938271606
1179.0962962962963
1170.9481481481484
1186.9975308641972
1153.313580246914
1159.6098765432098
1175.7432098765435
1146.00987654321
1154.7958679768203
1147.4082136558332
1191.8518518518517
1182.4493827160495
1175.846913580247
1183.9938523557569
1137.2641975308647
1158.1086419753087
1172.2864197530866
1146.8543209876545
1169.1407407407414
1197.4913580246914
1183.2938271604937
1165.6000000000001
1164.1580246913584
1151.8677752582519
1153.8074074074075
1157.1012345679017
1144.4493827160495
1163.0469135802473
1144.3036533131774
1150.9628621819104
1148.2119425547996
1156.3718820861682
1140.5303099017387
1180.350617283951
1178.4987654320985
1149.2600655076853
1148.2110355253217
1166.893827160494
1155.702494331066
1186.2962962962965
1181.8912572436384
1172.8000000000002
1153.3135802469142
1187.4477198286718
1184.795061728395
1155.9061728395063
1159.3037037037038
1185.1456790123457
1170.5975308641978
1173.5407407407408
1174.0543209876541
1184.4888888888886
1185.5555555555552
1155.846913580247
1180.103703703704
1159.0123456790125
1149.8134542705973
1169.2000000000003
1181.23950617284
1179.693827160494
1190.083950617284
1166.0938271604937
1184.6320987654321
1173.748148148148
1175.8469135802466
1159.0962962962965
1178.6024691358025
1173.644444444445
1168.4
1189.693827160494
1165.3933988410183
1180.395061728395
1194.138271604938
1167.204938271605
1165.353086419753
1170.0444444444445
1179.0962962962963
1173.2938271604937
1166.7506172839508
1168.2518518518518
1183.2938271604935
1184.5925925925926
1174.3456790123457
1136.449382716049
1188.498765432099
1154.4493827160495
1185.6395061728397
1217.3283950617288
1188.6864197530867
1164.755555555556
1165.4962962962964
1164.241975308642
1178.5827160493825
1173.5407407407413
1196.5432098765432
1194.9382716049383
1179.7975308641976
1171.343209876543
1188.5827160493827
1192.3901234567898
1187.535802469136
1204.6913580246912
1176.0938271604941
1193.7876543209875
1179.7975308641976
1173.3382716049384
1186.2370370370368
1180.4345679012347
1171.4024691358027
1194.6320987654321
1213.4370370370366
1169.2395061728396
1205.8864197530866
1194.1382716049382
1163.0921642731166
1184.3012345679015
1173.1506172839506
1187.1407407407407
1166.8543209876543
1166.5037037037039
1185.4962962962966
1184.1382716049384
1169.0962962962963
1179.343209876543
1152.0592592592593
1181.2987654320991
1164.7555555555555
1180.4938271604938
1174.44525069287
1165.9506172839506
1180.5975308641978
1148.2518518518523
1176.3407407407406
1162.3061728395069
1173.3975308641977
1185.1456790123457
1146.2567901234565
1160.844444444445
1177.140740740741
1192.0987654320988
1153.8074074074073
1169.0962962962967
1163.9111111111115
1152.0592592592593
1196.296296296296
1146.2567901234572
1174.898765432099
1180.3506172839507
1164.0543209876541
1185.0419753086423
1170.103703703704
1151.7530864197533
1171.1950617283949
1162.9037037037042
1151.3580246913582
1175.2888888888892
1170.9481481481482
1142.0592592592593
1141.3185185185187
1162.7999999999997
1166.0493827160496
1163.3135802469137
1175.5555555555552
1155.6592592592594
1152.9629629629633
1140.4148148148154
1165.2493827160497
1145.455580750819
1168.3555555555556
1162.5530864197533
1170.740740740741
1181.0518518518518
1186.3999999999999
1179.7530864197533
1143.4567901234568
1162.40987654321
1178.0888888888885
1171.358024691358
1186.6469135802467
1181.4419753086418
1157.7580246913583
1154.1580246913584
1166.4
1147.1604938271612
1160.3506172839511
1150.864197530865
1141.2148148148153
1160.7012345679016
1162.3061728395066
1180.8444444444447
1160.4543209876545
1155.8024691358028
1165.0617283950621
1157.758024691358
1141.2148148148149
1133.2098765432102
1142.962962962963
1157.5111111111114
1162.4493827160497
1175.3086419753085
1155.0617283950623
1166.0493827160494
1161.8518518518526
1151.2148148148149
1134.5679012345686
1169.753086419753
1155.3086419753092
1153.0666666666668
1166.4000000000003
1137.1604938271607
1169.7530864197531
1136.4197530864199
1142.4691358024693
1136.1728395061732
1153.4567901234568
1160.0000000000005
1155.308641975309
1152.7160493827164
1146.666666666667
1134.9185185185186
1157.6543209876545
1141.9753086419755
1163.9506172839508
1139.1160493827165
1175.3086419753088
1155.3086419753088
1169.7530864197533
1165.5555555555554
1131.7283950617289
1140.6172839506175
1148.7654320987663
1142.7160493827164
1164.197530864198
1165.8024691358025
1120.3703703703711
1160.8641975308642
1140.3703703703707
1171.358024691358
1142.2222222222222
1153.20987654321
1158.7654320987658
1177.6543209876547
1167.4074074074074
1161.604938271605
1142.2222222222226
1149.2592592592596
1136.9135802469139
1159.2592592592594
1151.3580246913584
1146.9135802469136
1118.7654320987658
1144.0740740740744
1126.6666666666672
1148.5185185185187
1142.7160493827164
1162.962962962963
1152.9629629629635
1151.8518518518526
1129.2592592592591
1167.1604938271607
1160.8641975308642
1140.1234567901233
1158.7654320987658
1152.716049382716
1143.2098765432102
1160.8641975308647
1163.9506172839508
1153.2098765432097
1140.8641975308647
1130.6172839506178
1149.2592592592596
1142.7160493827166
1183.703703703703
1150.370370370371
1153.2098765432102
1170.4938271604938
1149.0123456790125
1131.9753086419755
1170.8641975308642
1152.2222222222224
1136.1728395061727
1168.1481481481483
1125.4320987654323
1171.6049382716053
1179.7530864197531
1146.6666666666665
1149.2592592592594
1155.3086419753085
1141.6049382716055
1130.6172839506175
1122.2222222222226
1159.2592592592596
1155.3086419753088
1140.6172839506175
1152.2222222222226
1157.1604938271603
1169.0123456790125
1155.5555555555552
1144.5679012345684
1144.814814814815
1163.2098765432102
1149.2592592592598
1165.802469135802
1167.1604938271607
1166.9135802469136
1157.1604938271605
1180.2469135802467
1132.4691358024693
1134.8148148148152
1147.4074074074074
1163.4567901234568
1117.777777777778
1152.4691358024697
1149.2592592592598
1151.3580246913582
1155.061728395062
1141.9753086419753
1146.172839506173
1169.5061728395062
1161.604938271605
1140.370370370371
1119.382716049383
1140.6172839506178
1163.2098765432102
1119.1358024691367
1157.9012345679012
1161.1111111111113
1144.8148148148152
1144.8148148148148
1140.6172839506178
1161.6049382716053
1136.1728395061732
1131.3580246913584
1130.3703703703704
1142.9629629629633
1164.5679012345677
1163.2098765432102
1169.2592592592594
1135.3086419753095
1121.7283950617286
1136.913580246914
1152.4691358024688
1162.7160493827162
1120.123456790124
1151.1111111111113
1142.7160493827166
1155.3086419753085
1155.8024691358028
1158.7654320987658
1153.4567901234573
1134.3209876543212
1157.1604938271605
1163.2098765432097
1156.913580246914
1126.1728395061734
1148.518518518519
1166.296296296296
1155.0617283950614
1134.3209876543215
1142.2222222222224
1148.5185185185192
1182.3456790123462
1156.9135802469139
1157.4074074074074
1121.4814814814818
1165.5555555555552
1138.0246913580252
1148.5185185185182
1144.3209876543212
1148.7654320987658
1148.765432098766
1142.9629629629635
1134.3209876543212
1162.962962962963
1132.7160493827168
1153.2098765432095
1145.3086419753092
1149.5061728395065
1153.2098765432102
1148.2716049382718
1134.5679012345686
1176.0493827160499
1130.6172839506178
1152.2222222222224
1181.604938271605
1140.6172839506175
1173.4567901234573
1164.814814814815
1153.9506172839513
1146.4197530864199
1141.3580246913584
1126.6666666666674
1157.9012345679014
1142.9629629629635
1157.4074074074074
1131.1111111111113
1135.925925925926
1137.6543209876547
1132.2222222222226
1118.2716049382723
1144.8148148148148
1142.7160493827164
1126.6666666666677
1146.6666666666665
1121.975308641976
1145.555555555556
1140.8641975308644
1150.8641975308642
1144.074074074074
1141.6049382716053
1145.5555555555557
1154.814814814815
1138.5185185185187
1135.0617283950621
1165.061728395062
1149.0123456790125
1144.567901234568
1148.7654320987656
1154.8148148148152
1168.1481481481485
1150.8641975308642
1155.061728395062
1149.0123456790122
1136.172839506173
1160.8641975308642
1155.555555555556
1144.5679012345681
1140.6172839506175
1140.8641975308647
1145.3086419753095
1158.518518518519
1167.6543209876545
1159.012345679013
1141.8518518518522
1156.4197530864199
1127.1604938271607
1150.8641975308647
1122.4691358024695
1133.4567901234573
1129.62962962963
1159.2592592592596
1144.3209876543212
1160.6172839506175
1144.5679012345681
1159.0123456790125
1166.0493827160499
1132.2222222222226
1137.7777777777778
1150.617283950618
1132.46913580247
1151.6049382716053
1159.2592592592596
1143.8271604938273
1138.5185185185192
1125.9259259259263
1150.8641975308642
1137.7777777777783
1136.4197530864203
1144.5679012345674
1136.913580246914
1123.8271604938277
1131.3580246913584
1151.3580246913584
1140.8641975308647
1150.8641975308647
1142.7160493827162
1149.0123456790127
1159.2592592592596
1154.8148148148152
1148.2716049382718
1148.5185185185187
1131.7283950617284
1157.6543209876545
1115.9259259259263
1165.5555555555554
1132.4691358024693
1161.3580246913582
1140.1234567901238
1163.4567901234568
1159.0123456790127
1157.1604938271607
1171.1111111111113
1169.5061728395062
1151.1111111111118
1186.2962962962965
1145.061728395062
1149.5061728395065
1151.3580246913582
1166.9135802469139
1152.7160493827162
1151.3580246913584
1133.8271604938273
1134.0740740740744
1146.9135802469139
1143.2098765432102
1155.3086419753085
1151.1111111111113
1169.5061728395062
1159.2592592592596
1159.5061728395065
1161.1111111111113
1152.716049382716
1153.7037037037037
1165.308641975309
1158.5185185185187
1144.567901234568
1144.8148148148148
1161.1111111111113
1134.3209876543212
1108.0246913580254
1145.3086419753092
1142.4691358024695
1131.9753086419757
1155.061728395062
1134.0740740740741
1122.4691358024697
1152.9629629629633
1146.4197530864194
1163.7037037037032
1147.4074074074072
1121.7283950617289
1142.7160493827164
1167.9012345679012
1151.1111111111113
1148.5185185185185
1131.3580246913589
1169.9999999999998
1139.8765432098767
1134.3209876543215
1148.518518518519
1138.5185185185192
1161.1111111111109
1152.716049382716
1134.3209876543217
1138.5185185185192
1142.7160493827164
1170.0
1142.7160493827164
1155.8024691358023
1152.9629629629633
1161.6049382716053
1155.0617283950617
1136.172839506173
1136.4197530864203
1144.5679012345681
1131.9753086419757
1145.3086419753085
1141.3580246913582
1148.7654320987656
1150.6172839506175
1151.1111111111113
1161.3580246913582
1153.456790123457
1144.8148148148152
1136.41975308642
1159.0123456790127
1118.0246913580252
1125.0617283950623
1165.5555555555557
1156.4197530864199
1152.4691358024693
1145.308641975309
1157.160493827161
1161.3580246913582
1142.7160493827162
1157.6543209876543
1135.925925925926
1150.8641975308642
1165.0617283950617
1150.1234567901238
1155.5555555555554
1146.913580246914
1141.1111111111113
1141.6049382716055
1133.8271604938277
1147.1604938271612
1142.9629629629628
1136.1728395061727
1142.2222222222226
1142.962962962963
1149.012345679013
1143.7037037037035
1166.0493827160492
1190.493827160494
1140.3703703703711
1145.3086419753092
1157.9012345679012
1149.0123456790125
1134.3209876543217
1142.9629629629633
1146.9135802469139
1170.0000000000005
1130.864197530865
1145.5555555555557
1157.6543209876545
1136.913580246914
1139.012345679013
1160.8641975308647
1153.20987654321
1126.4197530864199
1152.7160493827164
1154.8148148148148
1169.012345679013
1149.5061728395062
1157.4074074074076
1165.061728395062
1160.8641975308642
1152.9629629629635
1153.4567901234568
1150.8641975308647
1153.2098765432102
1151.3580246913584
1163.7037037037037
1146.6666666666665
1161.358024691358
1132.4691358024693
1163.2098765432106
1128.5185185185187
1157.6543209876547
1136.1728395061734
1151.1111111111113
1146.913580246914
1165.061728395062
1144.8148148148152
1143.2098765432106
1150.8641975308644
1140.6172839506175
1162.9629629629633
1169.7530864197531
1161.111111111111
1171.6049382716053
1121.975308641976
1104.0740740740748
1157.4074074074074
1167.1604938271607
1152.7160493827162
1149.0123456790125
1146.4197530864203
1151.1111111111113
1144.3209876543212
1163.20987654321
1134.0740740740741
1144.814814814815
1162.716049382716
1154.8148148148152
1149.2592592592591
1134.0740740740741
1151.8518518518522
1162.962962962963
1136.6666666666667
1166.0493827160499
1145.061728395062
1134.0740740740748
1174.1975308641975
1135.5555555555559
1132.9629629629633
1169.753086419753
1157.9012345679016
1140.8641975308647
1144.3209876543215
1161.3580246913584
1153.2098765432102
1148.7654320987658
1146.6666666666672
1148.7654320987654
1128.271604938272
1149.5061728395065
1163.2098765432102
1138.0246913580247
1155.0617283950623
1140.370370370371
1146.1728395061727
1120.1234567901236
1171.1111111111113
1134.5679012345681
1149.2592592592596
1144.3209876543215
1153.2098765432102
1140.617283950618
1136.666666666667
1176.5432098765436
1150.3703703703704
1136.4197530864203
1153.950617283951
1137.407407407408
1153.4567901234573
1106.9135802469139
1134.0740740740744
1142.7160493827166
1166.9135802469139
1156.666666666667
1156.9135802469136
1120.1234567901238
1161.851851851852
1151.3580246913582
1158.7654320987658
1151.3580246913587
1141.1111111111118
1156.9135802469136
1157.6543209876543
1155.3086419753088
1138.518518518519
1142.2222222222224
1161.1111111111113
1121.975308641976
1155.0617283950623
1153.456790123457
1149.0123456790127
1159.2592592592598
1160.3703703703702
1167.9012345679014
1162.7160493827162
1154.5679012345681
1146.41975308642
1152.7160493827164
1138.518518518519
1132.4691358024693
1146.4197530864203
1140.370370370371
1116.6666666666672
1145.3086419753088
1154.5679012345684
1151.8518518518517
1134.5679012345684
1161.604938271605
1161.358024691358
1147.160493827161
1139.0123456790125
1136.6666666666672
1139.0123456790125
1132.222222222223
1152.7160493827164
1136.41975308642
1140.6172839506175
1155.308641975309
1169.5061728395062
