1140.6418493323256
1119.9829931972781
1130.3282214943588
1119.455278407659
1130.1184877243077
1163.1914700036389
1089.5417261554828
1125.841644970745
1134.5423392402226
1148.0798409898935
1127.7327762380671
1152.2131239327007
1121.0679124324624
1133.112718009014
1132.6367906833514
1111.6740712745998
1139.4370790291423
1122.2120069426944
1137.794277875759
1087.8646314492873
1111.518087399569
1142.4601634892638
1105.4306486380563
1148.6411914560058
1073.7040228437054
1147.2404188012652
1122.232860222278
1099.538747515467
1136.878080120937
1134.8349038380782
1129.2559390834524
1152.145522241818
1122.1487892276252
1100.8704963466867
1117.6048234931827
1089.194941351026
1140.0501805660535
1122.6586293776768
1131.6766047982974
1118.1167240558773
1157.9693877551022
1125.2350158170264
1138.696844993141
1131.0534979423867
1102.5170068027207
1139.9628369866464
1127.1274964306706
1106.5735673693343
1108.8895775594187
1125.09987122421
1129.2337840485984
1122.0727303266983
1123.647000363932
1126.1916659667982
1118.549505892892
1093.0952240978693
1125.6948321715515
1127.3622602950643
1105.5537582934408
1112.8182329722008
1107.9975224657762
1127.4642843145489
1120.5949581478683
1110.1833655272806
1112.4520590129055
1100.8266145964558
1096.8402340360014
1101.5653957056072
1117.8271772906694
1121.04216287338
1120.0260798969796
1133.4225665574872
1119.551753870272
1110.9757341619775
1123.0216119369557
1099.2709470619525
1098.670196803001
1115.7737045435454
1120.96056941295
1158.6271380980372
1131.3100837042634
1122.6292684975224
1126.8536015229133
1117.760211080317
1164.5312281291117
1091.2060524621372
1103.803712102125
1116.4289969485735
1126.9610677192688
1145.014184933233
1125.8647350298145
1127.3255759917135
1110.7783936619915
1151.1592340639963
1138.8068083200358
1113.256039864506
1125.4533579687018
1108.5526720976457
1119.8721200414327
1114.8438313597044
1112.9700148372106
1105.4572240418797
1080.5917751462723
1120.532017580695
1114.7537526944932
1122.6984546905182
1110.1149547885
1100.857445200302
1122.8301699280537
1102.7793006914703
1110.290588169424
1123.4284006606758
1109.469692897735
1132.5445844181297
1119.611503037429
1128.1550908429213
1108.0880434478315
1121.440136054422
1146.3210492427422
1097.9355141233445
1078.93864393494
1129.1019820273789
1120.6132667058594
1088.750174967106
1090.1931636852273
1070.5161025727168
1102.5545869376563
1122.8284342543604
1162.3812743204278
1070.946034545505
1122.3030990173847
1133.4949749447105
1118.036916659668
1111.0109767363738
1129.763993169284
1111.4975616584086
1095.1290389406793
1117.662509448224
1154.7609277455836
1115.5760225077684
1091.6230760617002
1143.9210828364264
1127.1674757145652
1107.8654712913972
1119.188491363624
1090.117577895356
1103.432073570169
1125.7123260826966
1130.6721368382741
1115.3285210380454
1097.7467456118252
1114.6372413986169
1101.9542202066011
1096.5117857842724
1121.9572688334597
1111.6100473111057
1098.305957280031
1136.4601074997902
1125.4308921922677
1105.2949245541838
1127.8194787379975
1104.2567929229306
1164.56090255032
1133.0873715741438
1144.0257831527672
1110.8171831695643
1131.4697600851039
1136.5496206713137
1118.4500013997367
1116.6977604210408
1148.80104420369
1103.587158814143
1138.1826348646455
1090.4070910668795
1125.4362279891377
1090.1697068951037
1135.1436549928612
1118.6303882870018
1161.4480977576213
1097.826499818034
1126.5441896923385
1118.7719716693264
1100.6580078945158
1092.4956160241873
1142.2214355701128
1115.0865037372976
1118.22963802805
1085.5799109767363
1106.6239578959155
1111.3927269673302
1127.1544469639707
1125.4515803029033
1094.0578259287252
1112.4623946698018
1123.3915623862708
1108.1779345483044
1162.1260603006633
1111.7516082976397
1103.1834635088608
1122.928879370678
1086.7661711598216
1102.2923518378545
1110.1252064611856
1123.5658352229777
1127.6242966322338
1135.948251728675
1068.7640211640214
1107.5463788807706
1124.5316312533241
1121.1861845972958
1157.1453654712911
1128.2259735169785
1134.1825536799076
1095.7712438061642
1136.5704655524762
1149.9337308585984
1113.3980599647264
1140.9630889392793
1111.5790263430474
1085.9595783992613
1108.5124184653284
1105.280454074634
1124.9734749867025
1137.457308026091
1135.9908737157411
1088.391702359956
1127.988228213096
1111.0376137286191
1102.1403964054757
1144.201030206321
1098.4268665490886
1093.1202233980014
1125.1530612244903
1096.9001427731584
1111.438369586518
1128.123652753282
1147.9633856834917
1113.5971669326168
1094.9612804792698
1139.0908009294253
1088.7085327958343
1088.379944570421
1112.2451779065536
1090.3854175415024
1137.0303071022647
1094.9429607233837
1115.8161641611377
1108.3515887013243
1125.6255955880295
1088.9574759945128
1133.0608045687409
1112.406147644243
1111.9941239047057
1116.5744827972344
1129.8587385571511
1112.30737941267
1117.1226309453823
1095.3818482125357
1147.465146552448
1083.5018616500097
1116.8248369306573
1131.4352201786064
1113.8766411914557
1109.1344755186028
1122.3866269141404
1138.1813751014809
1096.7933316536491
1129.8745835782875
1138.523487584334
1085.558145068727
1116.904831891604
1102.7723803924866
1124.2055793510824
1135.0890232636261
1119.3431566865424
1082.9411970549543
1125.9055905489768
1132.9035441337026
1125.3378964754625
1145.8317236359565
1127.3779429467256
1127.911732594272
1121.463268105596
1111.7190868116795
1110.4002547521063
1118.2521485960638
1104.1078077321463
1131.9226785364351
1139.384448923602
1108.7573136250387
1147.5970437557744
1112.1129559642786
1105.4774950309343
1131.8414965986394
1115.5151759469218
1127.7728087119622
1128.0414770023235
1113.1332409507017
1145.8108535595304
1161.604658324235
1126.2991601578901
1105.5952380952378
1132.4510092102685
1127.1023347610646
1126.6727555219618
1141.7607289829512
1113.7758601382936
1092.3929201310154
1149.1192155874696
1121.7853643515016
1124.6984266957809
1116.0691945914166
1088.6580722824108
1082.5048990789733
1133.3051286358161
1109.9486996444673
1128.6090031074154
1122.8905965678457
1081.414574060077
1111.0694717393126
1138.2152655300804
1110.0332437501747
1123.52789675541
1121.5111559026902
1125.048290921307
1125.3011561826374
1140.0356932896614
1086.2895775594188
1130.6699840429999
1113.848506480782
1125.2470535539317
1092.55346994765
1124.1788443772573
1154.1805940483189
1121.5066067579298
1139.9800537498948
1113.8644634808657
1097.8483245149914
1101.739103048627
1133.1217631085356
1123.2459897539263
1098.1290417401528
1127.2166232748248
1099.6153523137652
1101.6995604826295
1097.4664063156124
1110.6787323983087
1101.782704851488
1114.473209036701
1095.7953304778698
1099.6660227877157
1091.2701912040532
1107.0919067215364
1105.4074633968808
1107.3428095518043
1092.307956104252
1079.7716329330085
1093.7133618879645
1135.493127292069
1082.6224769743285
1097.9503653313175
1082.377103104616
1104.3025811147502
1114.944430447076
1132.6356345007136
1141.791523193639
1143.789367598891
1104.2548500881833
1118.493533215755
1110.0067887237199
1120.2480333697263
1079.810265670054
1117.3248229332887
1081.8635396545444
1127.4179754206205
1092.4130063548052
1093.7223901906443
1143.0700428319474
1148.9944290473393
1087.357086867669
1102.6831555667536
1120.3334173175438
1128.7574535987237
1124.0123456790122
1140.9384535707284
1101.7362335880855
1134.8899106967883
1125.7514487276387
1101.7570196803
1128.479605834103
1133.2788835698884
1099.1180258111472
1102.9914476078493
1132.4047479073934
1106.6206853111617
1155.1754570140808
1107.5893032109961
1115.0861538030847
1097.9138321995463
1121.6353825480805
1111.4835110999131
1115.8585285966237
1125.651927437641
1094.858276643991
1117.9604434366336
1109.7782816830434
1128.2791635172584
1127.7721088435371
1090.9013605442174
1106.7630385487525
1140.00566893424
1095.6916099773239
1121.1904761904757
1110.260770975056
1132.5453514739227
1125.096371882086
1145.1077097505663
1109.4501133786844
1100.379818594104
1138.7244897959179
1121.5362811791383
1109.5408163265306
1165.8276643990926
1129.2970521541947
1135.3458049886617
1138.350340136054
1102.006802721088
1105.5442176870745
1115.3458049886622
1096.8820861678007
1143.8038548752832
1122.1258503401357
1104.9489795918364
1148.5090702947844
1092.7040816326526
1129.790249433106
1100.5102040816328
1094.2290249433104
1089.8356009070296
1147.156714537667
1097.7802973041062
1153.361678004535
1138.5090702947844
1119.3398841017884
1085.3325774754342
1092.801713277904
1126.1570924666164
1108.291761148904
1114.8557571176616
1108.3944318468123
1076.0456034265555
1129.9943310657593
1105.4484756865709
1122.9251700680275
1106.9771982867217
1117.2008062484254
1077.5182665658854
1136.1923658352227
1106.1999244142098
1105.736961451247
1111.4266817838247
1144.8683547493072
1104.3631897203322
1083.3144368858655
1101.31960191484
1131.2087427563615
1091.25850340136
1121.0122197026953
1127.4804736709496
1114.6107331821615
1106.805240614764
1120.8824640967496
1115.2809271856893
1124.943310657596
1129.1912320483748
1130.1864449483492
1127.5081884605693
1142.7191987906276
1118.8580246913582
1104.3638196019147
1117.836356764928
1116.9803476946336
1063.3604182413708
1106.2975560594607
1138.0971277399844
1099.4286974048878
1133.0385487528345
1137.265684051398
1112.6051902242373
1130.5108339632147
1093.5260770975053
1120.9933232552278
1132.735575711766
1135.2941546989164
1162.0817586293779
1121.0519022423784
1104.2957923910303
1098.9336104812294
1113.9833711262286
1075.5120937263794
1112.5472411186695
1143.5588309397829
1121.3655832703455
1124.7757621567143
1117.1617535903247
1111.588561350466
1095.4560342655582
1109.9603174603174
1101.3492063492065
1104.3877551020403
1127.1825396825393
1110.2154195011335
1106.672335600907
1109.937641723356
1123.4196271101032
1119.7505668934239
1094.1024187452763
1111.51738473167
1101.7674477198286
1114.4658604182412
1124.845049130763
1116.262282690854
1085.7564877802968
1109.0356512975563
1164.8343411438643
1117.953514739229
1090.742000503905
1121.440539178634
1102.6133786848068
1102.6171579743009
1133.273494583018
1110.178886369362
1120.1423532375914
1111.0437137818085
1073.1771227009322
1108.1594860166285
1122.239229024943
1107.5604686318973
1087.033257747543
1129.2315444696392
1108.5707986898462
1113.7648022171834
1105.4157218442929
1106.0632401108585
1109.5786092214662
1108.508440413202
1100.110229276896
1105.336356764928
1130.675862937767
1118.5122197026956
1141.4751826656588
1100.0264550264549
1143.7106324011086
1135.2828168304354
1128.2596371882084
1119.2290249433104
1106.2188208616776
1118.8662131519272
1101.192995716805
1147.1094734189971
1117.079239103049
1116.1432350718064
1137.2858402620304
1132.6480221718314
1104.353741496598
1089.3209876543212
1137.7494331065757
1108.1519274376417
1105.7312925170065
1074.3820861678005
1123.9172335600904
1120.4585537918867
1105.8950617283947
1113.5462333081377
1092.6549508692365
1099.9546485260767
1101.3548752834467
1126.0941043083897
1111.0941043083894
1140.413832199546
1105.300453514739
1075.5215419501128
1153.6281179138316
1105.249433106575
1096.507936507936
1077.0068027210882
1087.3696145124716
1127.0351473922906
1120.640589569161
1119.4186192995712
1110.911438649534
1134.8185941043082
1108.4467120181403
1103.7981859410427
1090.0850340136055
1098.4013605442176
1084.2573696145123
1133.5317460317453
1133.8038548752827
1087.375283446712
1093.9978584026198
1091.0267069790877
1133.532375913328
1112.6234567901236
1139.183673469387
1111.2641723356005
1136.9897959183672
1104.8809523809523
1115.538548752834
1095.5385487528342
1119.6371882086164
1105.5782312925166
1084.455782312925
1148.8208616780041
1088.6904761904761
1073.582766439909
1105.7369614512468
1120.8956916099767
1111.2131519274371
1144.8129251700677
1093.3503401360538
1106.0090702947844
1116.6383219954644
1124.2630385487523
1094.801587301587
1130.8893927941544
1111.4789619551523
1108.246409674981
1103.5689090450994
1143.3232552280172
1130.866717057193
1154.2705971277398
1137.3154446963968
1106.482111363064
1102.9163517258755
1093.646384479718
1127.22726127488
1127.7865961199293
1110.2847064751825
1139.5200302343158
1129.9540186444947
1098.7540942302849
1129.1143864953387
1115.5253212396062
1098.7761400856639
1105.6141345427056
1125.6475182665658
1111.4512471655328
1106.940035273368
1088.9991181657847
1092.159863945578
1101.0531620055428
1133.6904761904757
1128.8800705467372
1132.5258251448727
1105.271478961955
1100.9353741496602
1109.4614512471655
1114.0457294028718
1098.4819853867473
1097.8898966994204
1118.6451247165533
1095.0466112370875
1068.270345175107
1112.0124716553285
1127.7380952380952
1119.041950113378
1073.6961451247166
1146.1848072562354
1099.2120181405892
1129.8866213151928
1115.3684807256234
1108.1405895691603
1127.4999999999995
1099.8752834467118
1105.5939783320737
1137.9913076341645
1121.8373645754596
1099.5433358528599
1069.1276140085668
1110.8629377676993
1136.0273368606695
1128.4183673469386
1108.5884353741492
1120.1303854875277
1108.2199546485253
1129.4564121945073
1094.7039556563361
1140.2947845804986
1152.2184429327283
1079.3594104308388
1106.4367598891404
1150.6727135298565
1101.2270093222473
1125.5442176870747
1102.233560090703
1142.3293020912065
1087.4918115394307
1096.5898211136305
1119.0621063240105
1153.4681279919373
1107.453388762912
1119.6642731166535
1118.856135046611
1124.7581254724112
1107.3652053413957
1091.8348450491308
1116.7857142857138
1094.3241370622322
1155.1952632905013
1111.7989417989415
1070.540438397581
1121.4191232048377
1104.1937515747036
1124.636558327034
1128.7849584278151
1102.545351473923
1114.9407911312671
1105.4497354497353
1112.9976064499874
1129.6227009322247
1104.7757621567146
1121.388259007306
1131.824137062232
1112.2209624590575
1088.0234315948603
1091.2755102040815
1131.8071302595113
1126.7120181405899
1093.7219702695897
1101.1514235323752
1086.3447971781304
1129.7354497354495
1114.6327790375406
1131.8096497858396
1090.8755353993447
1121.3788107835724
1103.197908793147
1057.6347946586043
1130.7577475434616
1105.9007306626352
1120.318720080625
1118.7465356512976
1102.4729150919627
1132.7053413958176
1131.1281179138318
1113.7024439405388
1088.6778785588308
1158.2287729906777
1104.2435122197023
1119.6334089191228
1119.4381456286214
1103.1267321743514
1099.5244394053918
1135.5259511211889
1099.3065003779282
1130.8578987150413
1138.2413706223224
1134.258629377677
1141.6402116402114
1086.1854371378179
1124.3121693121693
1098.0549256739735
1112.4263038548745
1097.6719576719574
1098.8706223230029
1101.991685563114
1131.130637440161
1095.5240614764425
1124.8412698412694
1086.7636684303352
1139.4891660367846
1133.681027966742
1095.8131771227004
1099.133912824389
1132.8369866465102
1138.70559334845
1094.5559334845047
1116.7176870748299
1097.8300579491051
1120.913958175863
1097.7985638699924
1113.5103300579487
1122.4703955656335
1118.4284454522547
1123.220584530108
1082.3085159989919
1108.466868228773
1107.1825396825395
1085.374779541446
1132.702191987906
1099.9590576971527
1113.7515747039556
1128.3264046359282
1095.8560090702942
1112.2959183673468
1126.154572940287
1117.88422776518
1144.9634668682284
1113.2086167800453
1067.930839002267
1103.481985386747
1104.4803476946336
1131.430461073318
1120.7942806752328
1087.0345175107077
1116.7328042328038
1152.1176618795662
1142.7891156462579
1101.706349206349
1122.404887881078
1138.6860670194003
1093.5783572688333
1121.093474426808
1110.4497354497353
1090.4736709498613
1113.0826404635925
1096.9035021415975
1086.664147140338
1122.4263038548752
1091.9658604182416
1112.273242630386
1094.547115142353
1105.6053162005542
1157.2757621567143
1098.7175610985134
1107.2310405643739
1121.9205089443185
1097.4842529604434
1120.4856386999245
1109.5483749055174
1154.0532879818593
1113.4756865709242
1116.9186192995714
1128.9846308893927
1135.655706727135
1107.0477450239355
1126.4109347442684
1124.0173847316705
1118.721340388007
1112.5497606449985
1099.790879314689
1117.560468631897
1115.5725623582764
1105.8969513731415
1116.655958679768
1124.6107331821615
1127.0206601158977
1104.957797933988
1108.019652305366
1109.842529604434
1099.522549760645
1155.5152431342906
1099.3329554043837
1133.9619551524313
1102.5062988158222
1096.4751826656586
1136.8972033257744
1093.864953388763
1115.7105064247921
1088.1947593852358
1098.968253968254
1082.4615772234815
1127.6102292768958
1119.9332325522798
1153.1582262534641
1080.8893927941547
1086.9494834971028
1111.797052154195
1094.5143613000753
1100.7495590828923
1125.9599395313683
1122.0212899974802
1119.3550012597632
1122.5220458553788
1111.3435374149656
1070.4988662131516
1083.6281179138323
1090.6292517006798
1166.2641723356003
1107.6360544217687
1114.5408163265306
1124.9659863945574
1090.7142857142858
1089.0929705215426
1125.2891156462579
1122.1529352481728
1105.4516250944819
1070.8805744520027
1121.540690350214
1096.0424540186443
1125.4207608969512
1133.31569664903
1129.857646762408
1115.2154195011337
1123.4057697152937
1123.6300075585787
1113.8460569412953
1111.1451247165528
1101.0544217687075
1135.1814058956913
1106.8707482993195
1129.7108843537414
1107.4376417233561
1140.4195011337865
1152.0408163265301
1092.1995464852607
1089.079113126732
1124.5773494583018
1123.7534643487018
1111.124968505921
1096.8972033257744
1089.845049130763
1103.4977324263036
1106.4184933232548
1137.157344419249
1090.9800957420002
1117.7040816326528
1131.797052154195
1135.4308390022675
1125.8673469387754
1081.6893424036277
1108.2142857142856
1116.7743764172326
1080.6235827664395
1122.0918367346933
1108.2086167800458
1108.2199546485258
1127.5113378684805
1130.657596371882
1057.301587301587
1122.925170068027
1094.2517006802718
1121.842403628118
1106.4795918367342
1089.8242630385482
1093.0725623582762
1087.397959183673
1118.1235827664398
1101.9047619047615
1095.4761904761901
1139.3310657596367
1129.450113378684
1118.224993701184
1087.8306878306876
1115.9076593600403
1106.7542202066008
1105.5272108843537
1109.4841269841268
1107.1617535903254
1109.3083900226757
1118.1928697404883
1109.2176870748297
1132.8911564625846
1112.3696145124711
1124.506802721088
1087.4716553287979
1130.657596371882
1111.689342403628
1108.9682539682533
1124.976064499874
1131.9242882338117
1112.5113378684805
1099.155328798186
1140.0963718820858
1098.5317460317458
1126.8990929705215
1145.2097505668933
1131.3832199546484
1123.6791383219954
1114.2970521541945
1108.9512471655325
1080.9693877551015
1115.1077097505668
1084.8356009070287
1116.4795918367338
1098.2199546485258
1105.1247165532877
1088.7131519274378
1122.7324263038543
1096.7857142857142
1101.5816326530608
1126.6326530612243
1106.2358276643993
1131.4172335600904
1132.8458049886617
1095.62925170068
1134.8752834467118
1101.5192743764171
1102.3639455782309
1104.07029478458
1130.3628117913827
1122.613378684807
1073.4070294784583
1102.9308390022672
1110.7653061224487
1082.7664399092967
1107.1712018140586
1127.896825396825
1139.6145124716552
