攻击固定 动作20
66.34030764893346
65.35592830009497
67.43834794360434
65.40991599094164
66.6956696982979
68.14805172035942
65.586372452334
65.63749653006064
67.27447183870262
64.8814770984002
66.20408777120318
67.28721916432872
68.18962151408066
65.98811929286286
66.08581123529842
68.89573727080139
66.92517477536711
65.86308185404343
67.11789666885824
67.59733508656585
65.4733784425451
65.92283000949669
65.39006483307766
65.28644020746586
66.60375465702391
67.20237910000732
67.24132935203447
65.96737372388415
67.36738742101323
65.90838556505224
67.1516119009789
65.17718752282853
66.01010154138363
67.81524947037767
66.71897866215573
67.07086283923226
67.89204042707647
67.39165849517833
65.98574486129374
67.9184305943641
65.4351314924392
66.87175012783989
67.6680522682446
67.6783919570458
67.22258693111257
67.1972302578713
67.00095898166411
67.32600244722036
66.3260707502374
65.86121794871798
66.665846847834
67.4356992840967
65.43432317919496
67.90822996566583
66.28678044415226
67.12311947549128
67.61499598217546
66.821002264592
67.41212634231867
66.56655800277595
65.4326565125283
67.34291018335892
66.39518098473226
64.4633609102199
66.03618032727007
64.30551555993866
67.34554532836586
67.54455845134751
68.5361125721382
67.27338538242387
65.63127492877496
68.26215044926587
66.87766838337352
67.2589844035357
66.71040324348019
66.15782325224632
65.69716432902332
64.81159525896706
67.85879921835053
67.18013770180438
67.65954616845643
70.4692358828256
70.74540452187888
68.48924355321795
67.69976806194755
69.05883592665644
67.84174318796116
69.14271239681497
66.64065563591204
65.37851924903207
66.43976148732557
67.99980495288187
67.26893308495872
68.51174337058953
66.39752721162978
69.30226148732561
66.91327416173571
66.27040470450729
67.03025659288483
67.13066487005992
68.00293410767769
68.30214990138067
67.76271257944336
66.67065636642562
69.82485209383447
70.00845240704213
67.74169953977648
68.28224069051797
67.85411845277228
67.20278599605524
67.54172680574194
66.42005807582727
66.62317199256704
68.91427350427348
67.8468185335854
68.2545392285777
69.83957666739717
68.70315450703089
69.67269619722421
67.71195490105164
67.04852582365403
69.83837575745504
70.24878533859301
70.45707444274571
71.2079651681819
69.7088295346629
67.44730491816739
69.23382971729124
68.91676222810256
68.56339552811
69.15964785935759
69.29045119324259
68.11839351165108
68.52450258828573
68.97198216701713
68.06506603157645
69.40156833109049
67.61110126285647
69.19670119711023
68.4530789787783
73.04120139000203
66.50846062984758
69.73677376406617
73.46841818931196
71.04809846134076
69.3491481321493
71.19458531734175
68.39482454090846
72.28059931099666
68.99243547350409
70.53776111633339
68.50325399110949
70.4549748561462
71.68372929903452
70.38717796474172
71.11595521929294
70.716613688209
69.75577650600125
71.75552577977038
72.97109669780707
75.83147532230137
70.7012141172008
70.77293909958317
71.60080609793167
72.6024506694878
69.57550483778448
69.60891139302672
70.8422675596875
73.8447990502871
71.50139248778123
74.20931541107385
70.89650636026
70.83013471079286
73.73734038939239
73.07076143387657
70.74548239166141
70.7917942517451
75.06734057928442
69.02552763190147
70.70545181829202
72.90814178058679
69.52896426007732
70.21247920611668
68.67694534409678
72.29212072781641
73.20293089432366
72.66733320613494
70.01137262741574
72.440641484476
71.48644434009344
70.61324454461837
74.13243087902288
70.5410506476252
72.07096226463578
70.33348292881149
70.69429211727581
73.31529589723063
72.57360320554706
74.37804016496325
72.17779629418327
69.68452189850207
72.75316921701175
71.70274543444125
71.82947049087494
72.70362880663218
72.78386880155857
71.7805867988768
73.81349588486171
70.74767532825189
71.56510768886645
73.31369296353202
72.64987198976347
72.5555882946184
72.60890635838845
73.77793677974988
72.20816367769277
73.20323548857098
74.22552457513999
68.10902388937792
73.97694611545646
73.32426439587135
71.74372825599629
71.058577397873
69.41560645454003
73.48394787785817
72.77741789891776
73.79557201786335
73.76100423605413
72.39859689184976
71.84875125233089
70.91007119035676
70.48678482742221
71.08247223152344
75.00722307961345
70.52419864191646
71.96935467457361
71.80532826924434
73.12648047947802
71.09543245072129
71.07597724355956
75.2063754136307
73.34713396771416
72.86433337050623
74.56924070851666
72.36929276628581
72.39745445795715
73.12790056452171
70.33465228649237
75.99295220911301
76.51879754045221
74.37525075217236
71.61287876737659
76.56923492034761
74.94670184772387
71.8140830093755
70.38218344519701
73.5910333164176
72.80162176061586
72.70542630943243
69.94815115830923
73.91983922560811
75.1930372721522
75.02002593983438
69.76350109212909
70.00188501189024
70.64039455467054
72.06352797180163
73.31960415570522
75.5906469962498
76.7508340281891
74.36382287325473
73.99490104802099
73.56531152381172
73.42415019036565
76.26186922044562
72.01559019787787
71.81223946371934
73.07501630772657
73.63082902005834
69.70924217095875
72.29514821161531
73.36475828969317
74.74252590851587
75.61755467248692
71.09232238471063
73.26430703136096
74.86648579268116
73.60854143489087
71.99005424883813
76.50473087119141
75.9589281215098
76.79383732510888
72.13949949596073
76.21063070072253
74.34886176536601
73.69725360760876
78.32619316461765
74.03010608011414
72.02218942712405
73.91947610169821
74.35254823577962
74.36569883070106
75.77846953845278
74.84819963083226
74.59632712404935
71.70128206977131
73.44623165902162
70.91119500602673
70.93358473432703
74.68611251390288
73.09776846624501
74.59904075486428
76.79568323741947
73.8256844829584
73.270776939272
76.52210066152229
73.70937439406816
74.66675192006964
74.14753670896631
73.40465180822486
75.8119647636449
76.38074532830369
74.00445261338581
74.67224953724084
76.93816952658013
74.85354514500169
74.42101886962539
72.98289209057023
73.13539164814921
74.28862341749108
77.73231437465776
74.45006906616972
74.9521277071886
74.0968169882247
72.97618389908891
75.73699312264512
71.29573656805204
74.44025557286373
72.51287627975714
72.28563696602704
74.3063805923152
72.25062368528316
71.58824247967239
72.82308149652191
72.21139552237456
74.63445660234451
73.6806701018538
76.3329431744791
70.21325511744362
69.73947949881266
73.66141376905041
74.95791223311731
72.22638822638936
72.48774203421387
70.26692914450601
75.84762120657447
73.49691440433864
73.03115137991597
71.58362234049298
73.78106540420643
75.4582778580739
73.83915566075932
73.56244716190956
71.01073300412682
71.51129268004672
70.51761278010443
74.96207055500616
74.1534742881739
73.95883502124983
76.11881499580181
75.62436482025973
74.4808511635617
75.79852671462774
74.81603276400445
74.32760067682311
71.09276151677632
76.83131258965393
74.00920182055599
72.71360550094813
76.66538753306752
73.40485725261479
73.44942393299367
73.17147258108324
74.07220687889068
70.15940097454889
74.83162927350428
73.49413166125724
74.15243541048977
72.69831537405767
71.86121555672004
76.22671480679277
77.00374791392349
73.05247817543601
72.35788237611153
73.44941035387497
78.95195615567847
72.93624644384042
73.89983861146928
74.90165098071823
80.38217881939728
72.75086675762996
76.17328552120259
72.45652566736338
73.22372899292446
74.86625054128186
74.4677922131557
73.61650691116382
75.50451997335742
74.38812559165562
70.86181861074965
70.98489655422493
72.50645174956107
70.66867012130523
74.67106134965448
75.93584297094276
75.14110123455659
73.32738554369533
73.60056492441075
73.04108072584144
71.39729523817056
73.29208006724728
76.25945997927168
75.82882646224216
72.43582414201256
74.80933941670754
75.2052592424114
73.50967213544358
75.69112531433593
74.3126910162757
76.80345284946323
72.98153562117655
74.18846723776903
74.91500076702037
71.30967888816598
76.34803589857168
74.11764530729567
72.87336936546151
73.55411705702357
75.3678012871264
75.28845534003895
72.68649341760505
74.44319696926303
74.89471535035747
73.5620512222123
75.2269204089072
71.51702432247886
74.30855248145569
74.61498497353249
75.61806242647704
73.48972278699297
73.81703451853875
76.05465207669602
71.99185216013163
73.7648936968831
73.27962559378754
74.67986324803307
74.97495606240217
70.83783007911435
73.23555966120396
74.78315842690591
71.50385812741983
72.82755294742219
79.15043445076627
75.98620278782616
76.45374424126285
71.11864069134428
72.14865201986997
76.63180140594802
70.10981863208775
76.02311654491513
73.76547809281931
73.06354365841035
76.05844693042253
73.76992284827914
72.640000516378
75.6415765874784
75.14657416057733
72.57141716383849
71.57942270459134
76.84561646485855
72.5430986156693
76.41021560281102
75.35543053708518
76.5206518566553
73.07838692089823
74.00142345263194
76.61389820623833
74.43257270317261
74.24077512213839
73.71691856441716
74.1736572514752
74.42582560869965
75.59729902311926
73.32154973380976
76.69904972921947
75.27324978515328
75.01398147324252
80.32425554641283
75.65477752711655
74.02070730210555
73.98864079709139
73.66596785668682
73.38816409021028
75.03584868326818
72.60817109470702
72.85413600811476
71.48031921819653
73.37969877796328
73.97970454996943
76.94685623832915
73.06502397752254
74.54498606656712
76.62618563283229
74.75138546026727
77.85027022879184
76.96760097746187
74.69038389597038
72.19583758859363
76.41500516510058
74.09857975081722
72.8470311723641
72.06939759865934
70.90312566268824
75.69805106861381
73.4672472041689
70.50857926641801
71.97986641186233
77.69360923388751
75.41566386371713
75.32749658794901
79.82038776154164
75.84098923496215
75.58651685016669
73.92237100181558
76.65716631001304
72.12117514169925
73.84245092928042
73.61223026447458
75.61516348476322
79.85479077173095
74.82520482386853
76.30567368546426
76.65101658233691
71.2286078903048
75.31158052379936
74.59861276750155
73.66426267552323
75.13510940393188
72.31979744455346
73.35028389554574
76.97845714094733
72.4547697453172
75.2755743968434
75.69986213905611
75.51691584159386
72.02822855482384
75.33259681011974
75.24115380483607
75.93046563663876
75.34018752096074
73.67556114213531
74.18179472888063
72.24754747357022
76.68188620919464
73.22613381183858
72.56153526488136
75.4982604924348
76.43388100341772
75.90444200311038
76.04400292333713
72.29184017778496
71.68992140423195
74.83575217756054
76.87281647895941
77.15277593413666
75.70628725458745
74.16566320168923
73.52304852433062
74.92253211448505
74.21274412208273
76.53649261992648
72.55449392843626
73.62484914555574
75.4006194896412
77.55495278527916
76.74534231266931
74.23854601031685
74.56304097377304
72.87013677422951
73.53309066718374
72.68242345851827
71.7040677932046
71.93225539370682
78.32339149104155
75.95843883147612
73.61912931935005
75.21925611118355
76.65065981598904
73.89509275965607
77.73726111103188
73.63868669115249
75.26945907839301
76.06856801901854
76.23263815837534
75.05692984256903
70.9055050181489
73.55180391529608
74.95790224374066
77.94704869006772
78.19470571255938
76.09706164413694
72.87869085849458
72.94961706864532
72.75487644482075
73.58893843938536
74.73782716941774
76.71015538609983
76.43819160427117
75.29846818336146
75.22255225992441
72.96278600492252
73.8150355739535
75.14237652009832
70.70399042046188
76.13412975375279
75.00855649220526
75.28938211175317
73.81990384455017
75.03552968505586
75.02057847834253
74.82117336569476
77.20988100571947
74.33505342172774
75.31877758188617
76.45193539943396
75.97629090621187
73.4982375417253
76.35629218300696
75.46475967264462
78.33700079001868
74.98907698490268
78.909968576503
79.51903100660239
75.72968269110022
74.5291540810615
78.16611430607021
74.31954745525078
76.13322600349774
74.62528130837318
74.18237228587424
75.70343321832652
74.5191781829147
74.56597837602538
74.41948987184092
74.64354394423891
74.10799455078777
73.95338633301593
74.14754148767953
75.40405056859314
77.81105095826321
78.63044524866969
74.49864024665929
73.97344184421613
73.18611823654255
74.35318345061168
76.78031297751286
80.45306590547234
75.46190029035272
73.29352613202812
74.28466473484322
72.31764693981985
76.68332539673379
77.08240158018457
75.51638296488058
78.78040887156635
76.57023451399942
76.24655381826528
73.63882264864814
74.63334110230346
77.82098354744632
76.52561990505103
75.96312161080954
75.3509716229257
76.63824042085807
74.996255474701
74.33900451727921
73.32520894008223
77.3021660490884
72.65253075826175
73.58773732398623
78.18427604682668
76.79741450067137
73.21664462843877
76.74190681997793
80.15847391945876
76.23640026476964
78.0465087503713
75.69084996091226
77.96612287460553
77.74704073658253
76.86723832455588
75.84933303310963
77.3898966361058
77.12166263167357
78.80694850761108
72.17367387726179
73.60500868277236
76.79426578501679
74.67306971378359
76.40201650936102
75.21603675371777
74.89590085697242
72.8776438456082
77.09514903495236
74.51720457481098
75.8690109425723
75.34641113596969
74.37563758079419
75.57298524334328
77.40787175102591
76.02101435655334
75.77554450512308
77.55755529338572
77.39297772388353
77.40050870109182
76.05943145632102
75.24256714489267
72.65505724984894
73.30026965402185
78.60584644720244
71.34807570467393
78.32396354682668
79.16629700369832
77.1749220503176
76.58555377624943
73.34552023130111
75.60448103926795
73.5218849511718
74.80731305428097
75.72825614746397
74.99369282108941
76.74085576304255
75.81278148260594
76.92734660347422
74.29320451749429
76.31318147735725
76.81202928278283
74.76317649384737
74.23678489619087
73.05127320974745
77.24569047378634
77.78287078213324
75.3369274666077
78.89706883965773
77.18283301550709
76.32590561917742
77.03876653192543
76.67937938166631
77.39611291881141
75.85199161322524
74.12636691886367
78.21590295097285
75.39542750862351
77.37658384648512
74.99170995865052
73.8526428977518
71.91111061086406
71.88874123883706
75.94010531875372
74.8763075504877
78.37752858172
78.24218702126079
74.95073307714041
77.49841065834367
74.6832337804861
74.07221990144556
73.1083595525816
78.7204992496011
74.62003828611714
75.35591480474385
76.60246321292614
76.58617891303204
76.11510491378279
74.33280027936861
75.33029290621911
78.61601084897524
76.4547747111868
72.28841436845443
77.51105846819532
77.04318382388678
75.19534748522221
76.57966674328381
75.69971067116535
75.614577666099
77.03473789741673
76.49718319427163
73.83894204516403
78.17661450201841
71.1689659407113
75.55491216253746
75.17909012046833
75.35008151867126
76.12299606982957
73.09420863714168
74.83136837215545
76.3991880218304
73.53569013758407
78.19724537942632
73.20252758075421
77.2203013064326
76.89094921123402
76.63991132089983
77.53323812750027
78.71552841439242
77.31141592760653
75.55131370759246
78.69946998817517
75.75660767901807
72.34140511350826
77.50926568386002
75.3268419898246
75.50805315619965
75.31765708663796
76.2875576621458
75.90199450990387
74.57044887016993
73.4645681477263
73.02257917100977
77.74719695526404
75.56927853853443
75.84481236621717
78.30287129370025
75.16560795754526
73.3250325153053
71.3057401935159
75.79440211616495
76.79729350681747
79.69449578556696
75.99544799441578
74.84541915129947
75.80236626555211
73.74649331714055
75.21905724028358
75.62756532021244
77.52228065547666
75.35678968556375
75.57712196763296
75.40977186035386
77.71687766358224
76.28138004603365
75.00820921517565
79.74162566357496
73.65831132359395
76.42263274980168
73.2897894960679
79.23158413457769
78.17940897661538
73.85708699344772
77.45909030922834
74.19968979492944
72.97772097959451
76.8396632357056
78.645696522031
76.73292200600001
80.24864334473857
75.34507753848553
76.33152148709767
77.59640602831782
76.0697170223128
79.97498172885996
74.45442874953437
76.78388742871076
74.93728398957674
72.63593341887815
76.9896424702165
74.0813951212713
76.6051888749201
73.83982456232201
75.15380883115039
75.94594898775951
73.98999109592276
76.47302289950562
79.25345326669733
74.74181497138846
73.57429437173646
77.16320540809069
71.99401600051075
73.5800898396772
76.82656651527755
75.99520526327089
77.7113369961079
73.56203500661688
75.66232783803007
74.27429676835672
74.72438152915353
77.74914906283715
74.16142263061555
73.06031019884459
73.48749745433388
74.8906646974308
75.11644861676731
76.09252225462745
73.78621076819611
75.61451683829961
73.9275221189768
73.93412153707902
75.01463028250727
72.84668051076632
75.15700967494637
73.36058780908722
78.29272948624745
78.18775160795995
76.2022947836125
74.21509432567561
72.74302690299157
73.06454719432611
74.71517623865819
74.29563488768582
76.64823618163437
73.7328861706502
77.88422184987162
75.50841439977295
75.06066618930473
72.36297136660443
74.32085517544323
73.47536453446892
73.71113852404719
73.90957050689642
73.05712177774097
75.7445352216958
75.27994625037128
71.842533352698
72.75875171874445
71.7430114373103
73.93373847469601
76.16754148881154
74.76746484997835
70.43926483216076
72.91290703849052
76.7930468699532
74.14381013426429
78.3771955271591
73.12554402940256
72.63504783694033
72.36093337190039
73.0872334205686
72.63225100279588
72.63364706126397
72.92212728762809
71.90848687466001
73.95753021264058
75.00886357976391
76.25143875304205
74.42197984190116
69.5044097724073
78.40449118721808
76.6405588040014
