攻击固定 动作集正常
697.8597704225328
706.3047460740935
706.798986880339
712.1399427552209
698.523224789139
706.5444339546323
704.2297651645022
706.6783995871458
707.1390176645423
740.1316142693817
700.5710976992445
693.5822708410755
700.6136135728212
701.3884476224802
700.262066483978
702.0557590377041
696.958972985488
727.2625557016585
731.7629077367424
703.0682077458354
717.2577984585558
715.3448375482758
718.3150940400354
719.5521502304135
732.8199101468334
718.487444751139
740.9240617579778
727.428874015995
731.7388989560898
749.4407217987052
759.1846765726718
732.640349915991
728.8933034698183
739.2965866754329
718.7355378843725
720.3221313608256
757.7075115055881
762.5730668860621
727.9577470962084
747.8016005189663
772.6833045655889
738.7767678427933
726.8996002702294
749.2313851412335
751.3683123748386
764.1213814373485
747.9782546642683
762.7863982904771
762.4821359703058
749.9012770252277
797.0814529401359
811.6362793556264
771.6496201329531
805.7418349111817
799.0265251734363
752.3122000290997
784.8486140769353
766.7425124624999
812.430791372574
803.8435041346459
776.024368105778
784.2464645408116
790.6730769230762
795.8267737744424
827.8440008838605
823.3596172108988
810.3434402147099
819.0217163415879
794.1288721746178
822.7333828693962
826.234120688083
822.765611074585
806.5560431733504
836.9801122213706
830.60949142371
812.7493133172615
804.4564052303557
800.7185696544666
808.5786361311998
805.495980349185
822.1488202206145
808.3588777923269
823.0443732193729
823.5049930601206
801.5366589962737
813.8868379720938
824.0132553947817
815.6039392943235
802.316474906859
819.87486530779
845.6876433632838
816.5444992329602
842.5167782963814
834.7938766965568
850.2225769740917
840.1781964495827
798.2222719846837
797.6350349620157
801.7889973188336
834.3064602452714
784.5281377820999
785.4439883262722
795.847450960504
799.9188766965569
825.3997890566653
776.2002339907347
789.3913488932717
782.6217131418177
775.245978522901
792.9789995616914
852.6613503542987
815.8899246182459
776.3182470814169
769.1721443712113
769.5191200451103
782.5547392066621
776.632155380232
796.7308500400568
783.6693111257209
812.5232613777479
792.379678939294
803.5980116296546
831.3867140111893
801.8114692891494
834.5031359558161
828.730676090291
797.6649316969821
828.1124004675281
821.5579518664009
821.738259273748
828.5554898093355
855.9924044853526
841.2749342537796
913.4741946088092
851.3459237343844
855.866230184819
842.4406713419527
855.625608152531
860.8654832347135
813.1312294543055
862.0133266198527
850.439069690992
848.2774654832334
837.0969099276781
864.8148750821817
846.7746877054558
858.9310486522015
864.3787639710708
839.8176528599595
926.7333333333322
848.1292570677176
869.8088264299793
874.6388888888877
901.649999999999
865.7959237343845
869.8732084155151
896.3482084155156
862.025986193293
820.439381985535
830.9797501643648
808.7795036160411
841.6786397837672
799.7575279421422
849.6246877054563
825.8059244648982
845.4504930966459
821.3527120315572
871.3977153188682
894.7009861932928
889.4954306377375
826.8681459566066
843.6562294543058
882.5848126232728
863.7454306377371
849.5398750821817
828.4514792899397
880.6199375410904
846.512097304404
855.2199375410905
876.4464168310312
846.7027777777769
840.9683906786464
831.589875082182
835.2714168310317
871.3936390532535
858.8464168310311
877.3949375410906
869.5171597633126
865.2343195266262
853.3686390532536
837.1978961209722
859.7686390532535
879.2514792899399
885.8514792899397
847.4201183431946
874.1171597633129
903.5921597633125
888.5936390532536
869.2292570677176
845.6464168310313
863.3593195266266
876.8343195266265
848.4070348454956
812.4999999999993
893.4120973044043
862.4555555555545
890.2504930966458
860.1454306377371
900.284812623273
850.595430637737
887.2120973044041
892.1282708744235
865.7199375410905
875.3514792899393
891.3098126232733
896.601972386587
895.647715318868
881.6370973044042
838.2320348454953
878.1727153188681
869.7464168310311
860.7070348454954
863.010798816567
903.9370973044038
854.537097304404
898.3343195266262
902.3171597633125
875.024999999999
912.2764792899399
879.7593195266261
862.2686390532533
862.8107988165672
863.8372781065078
862.1107988165668
922.8107988165676
913.5137573964488
903.959319526626
875.3949375410901
874.8249999999987
899.885798816567
852.2464168310311
917.6544378698215
927.3949375410905
911.6343195266261
855.6249999999987
877.334319526626
916.7514792899399
852.1514792899396
883.0343195266262
907.0343195266264
900.8171597633126
911.1171597633125
876.9999999999989
893.9999999999989
873.7999999999985
918.5999999999989
880.5999999999985
877.0171597633122
918.1343195266262
876.3171597633124
897.5029585798807
829.3029585798807
897.3343195266262
877.5171597633123
889.4249999999989
905.1999999999988
886.2514792899398
896.2999999999988
870.4999999999987
905.4999999999989
898.8999999999988
881.1999999999989
895.3999999999986
901.3999999999988
901.899999999999
914.099999999999
920.2999999999992
875.7999999999988
885.0999999999987
898.899999999999
888.5999999999988
911.1999999999988
889.0999999999988
857.1999999999987
898.5999999999991
906.2999999999989
906.2999999999989
879.8999999999985
869.6999999999988
899.799999999999
887.1999999999988
929.8999999999991
859.9999999999985
905.4999999999987
898.899999999999
896.0999999999991
913.199999999999
851.5999999999988
864.6999999999987
884.3999999999987
897.4999999999986
889.8999999999988
896.6999999999989
901.099999999999
871.5999999999987
889.599999999999
899.3999999999991
886.7999999999987
871.9999999999986
910.6999999999988
866.9999999999986
914.2999999999989
890.699999999999
854.1999999999987
896.799999999999
903.2999999999988
890.199999999999
949.0999999999995
890.2999999999986
895.0999999999987
904.2999999999989
892.6999999999992
886.7999999999987
879.799999999999
899.5999999999989
883.5999999999989
900.9999999999991
886.7999999999988
891.8999999999991
900.399999999999
905.499999999999
898.399999999999
890.0999999999989
881.9999999999987
894.7999999999988
903.799999999999
919.4999999999989
918.3999999999991
894.6999999999987
900.499999999999
895.6999999999991
902.3999999999992
891.5999999999989
886.6999999999991
902.1999999999989
887.4999999999989
892.0999999999988
874.1999999999987
903.3999999999991
851.2999999999986
902.7999999999988
844.6999999999988
869.3999999999987
869.0999999999987
902.0999999999989
885.4999999999989
892.3999999999987
879.7999999999988
882.2999999999988
905.8999999999988
889.7999999999987
872.0999999999987
912.999999999999
885.8999999999988
902.2999999999988
870.8999999999986
891.1999999999987
893.0999999999987
884.9999999999989
884.9999999999989
890.8999999999987
878.7999999999988
923.2999999999992
902.099999999999
895.5999999999989
907.099999999999
894.1999999999988
895.699999999999
885.4999999999991
906.7999999999992
874.1999999999987
884.7999999999988
887.7999999999988
876.9999999999987
930.5999999999991
896.3999999999988
877.3999999999988
880.9999999999989
883.3999999999991
863.8999999999986
907.6999999999988
879.0999999999988
910.5999999999987
873.2999999999987
871.4999999999985
883.7999999999989
872.1999999999986
904.099999999999
912.5999999999991
916.6999999999988
889.6999999999987
913.4999999999989
909.699999999999
921.799999999999
872.0999999999987
879.3999999999986
920.0999999999993
889.299999999999
917.0999999999989
876.1999999999986
922.899999999999
917.099999999999
905.099999999999
928.3999999999988
889.5999999999988
898.6999999999988
886.2999999999987
931.299999999999
872.9999999999987
890.0999999999989
895.4999999999987
895.0999999999991
894.3999999999988
873.9999999999985
909.2999999999988
875.5999999999988
891.1999999999988
914.1999999999991
944.3999999999991
889.2999999999988
884.399999999999
912.899999999999
898.499999999999
913.6999999999991
923.0999999999991
920.299999999999
881.8999999999987
886.0999999999991
907.599999999999
872.8999999999988
903.2999999999987
874.9999999999986
896.9999999999989
897.1999999999985
891.3999999999987
904.3999999999988
888.199999999999
872.6999999999987
910.999999999999
873.8999999999988
886.9999999999987
854.3999999999986
902.6999999999988
915.3999999999987
886.0999999999989
914.2999999999992
864.6999999999988
884.7999999999988
937.4999999999991
880.0999999999989
910.299999999999
907.2999999999989
917.6999999999991
909.3999999999986
908.799999999999
901.8999999999991
907.399999999999
874.3999999999987
906.7999999999987
901.4999999999989
901.499999999999
892.099999999999
876.3999999999988
923.8999999999992
882.4570247933872
910.5958677685936
821.5173553719002
814.506611570247
897.1710743801649
825.5314049586775
840.6066115702474
827.160330578512
805.0958677685948
828.0388429752061
854.7173553719006
857.7066115702477
838.1710743801649
829.0925619834707
864.3388429752059
839.6173553719003
815.3636363636358
821.5173553719003
904.6495867768591
853.2958677685945
834.5743801652885
819.2495867768592
833.4388429752062
850.1495867768587
845.3958677685944
868.8280991735533
873.0140495867762
824.6173553719002
848.9710743801647
861.349586776859
879.5388429752061
845.3710743801648
842.1495867768589
841.049586776859
877.3033057851235
837.0603305785121
845.0710743801646
834.0925619834707
845.3033057851234
815.860330578512
809.7958677685943
812.5958677685946
835.9495867768591
864.360330578512
830.3603305785119
829.349586776859
834.1818181818174
861.1566115702472
755.1603305785119
731.585330578512
755.3851239669414
772.7603305785119
837.5530991735529
878.1066115702473
830.349586776859
816.3958677685946
800.0425619834708
809.4208677685945
890.5925619834704
859.3743801652885
825.2280991735535
851.9173553719002
853.9173553719006
837.2818181818178
865.7066115702471
843.403305785124
845.6495867768589
821.3066115702477
808.5033057851234
851.6280991735529
836.0603305785119
842.5280991735534
844.1710743801646
843.1280991735534
829.2421487603301
852.0636363636355
793.5066115702477
855.2066115702472
849.2710743801645
807.8603305785122
818.0743801652883
825.6353305785118
797.2925619834708
846.749586776859
824.4495867768592
859.3243801652889
837.1958677685941
862.6818181818179
848.3280991735531
820.5708677685947
742.0780991735535
746.2851239669419
743.1995867768591
758.1528925619833
809.3530991735531
807.4960743801647
753.8245867768588
759.8458677685945
747.8068181818174
757.353099173553
759.5603305785122
761.6995867768593
767.9708677685944
759.9423553719002
758.9351239669418
768.224380165289
823.749586776859
831.749380165289
760.142561983471
735.7923553719007
758.5888429752063
763.9923553719003
758.6995867768592
755.0710743801646
762.1708677685946
765.3318181818179
753.5425619834708
830.4318181818177
828.5710743801646
879.1033057851236
867.7280991735532
878.0458677685945
746.0208677685947
752.5138429752062
761.3386363636357
778.6995867768592
750.3890495867761
822.4101239669413
843.6495867768591
816.6245867768588
754.8030991735534
747.2568181818181
738.0780991735531
798.2316115702473
848.1710743801647
881.2958677685942
851.2388429752061
863.4710743801652
819.3173553719004
826.1925619834707
862.5462809917348
836.2140495867765
773.9958677685948
771.5673553719006
739.256818181818
744.6353305785119
742.474586776859
746.4278925619831
761.2745867768591
780.0923553719003
767.5636363636361
791.1351239669418
781.1280991735533
739.9384297520656
736.0278925619828
752.874586776859
745.4603305785123
755.5925619834708
744.1745867768591
750.6958677685944
801.863842975206
738.7816115702476
732.6745867768592
744.7601239669418
764.1460743801646
703.6923553719004
749.1675619834709
755.3386363636357
744.5780991735531
756.2030991735534
750.4528925619828
768.0710743801648
770.9030991735532
759.2745867768592
765.9138429752062
750.8101239669419
763.0816115702474
755.6816115702475
737.0351239669416
731.1460743801649
803.4033057851233
746.1210743801652
738.6318181818176
748.5958677685943
756.9886363636359
767.8958677685948
765.988842975206
787.0925619834705
738.0783057851235
766.8318181818178
734.3923553719009
760.5066115702475
772.5818181818178
749.6675619834706
770.8283057851235
746.1923553719002
762.6423553719006
736.224586776859
745.1068181818179
774.827892561983
752.2710743801649
752.6851239669418
757.1353305785121
769.0460743801649
752.2353305785117
767.1028925619827
759.1386363636362
720.2243801652888
732.2888429752063
738.1210743801649
733.1745867768589
760.4960743801648
754.6638429752061
771.3568181818175
747.8851239669417
753.0925619834705
761.128305785124
785.563842975206
753.9138429752059
762.8890495867764
755.3535123966936
753.602892561983
779.7460743801647
751.9495867768588
758.9783057851237
753.2318181818175
750.4068181818177
739.8923553719003
751.0530991735532
744.5923553719006
748.7316115702475
745.6138429752064
729.963636363636
769.7853305785121
748.8351239669418
745.6995867768591
746.8423553719007
749.885330578512
760.3314049586771
763.5388429752063
761.0030991735533
750.2568181818178
735.095867768595
747.4995867768596
763.8280991735531
768.0351239669417
754.8708677685948
741.3566115702477
728.4280991735534
774.1388429752059
766.0925619834705
743.3495867768592
757.4353305785122
753.6818181818178
749.5208677685944
737.7245867768593
840.7173553719002
751.5530991735534
763.860123966941
742.5070247933883
760.0138429752062
751.4603305785122
730.2783057851235
755.0249999999996
737.4997933884296
761.8999999999994
747.8427685950409
762.395867768594
749.0316115702474
758.2175619834708
738.3849173553718
752.1421487603301
741.842561983471
767.8173553719005
743.2101239669419
767.1245867768591
761.0173553719003
730.0566115702477
766.3245867768588
761.4675619834709
772.613636363636
756.2280991735532
777.2460743801649
769.2423553719003
768.546074380165
756.253099173553
749.2743801652886
728.010330578512
755.2425619834706
749.3568181818177
734.4208677685946
739.1995867768588
758.4280991735533
753.0818181818175
748.5673553719004
743.8816115702475
743.3993801652887
770.2105371900824
767.438842975206
753.6460743801648
742.7280991735533
748.5208677685945
769.9780991735533
772.66714876033
727.8923553719003
746.035330578512
781.8603305785123
746.2066115702476
752.3495867768593
757.7066115702474
777.6138429752062
750.5778925619827
754.6425619834707
738.9212809917352
760.6925619834707
746.4283057851237
753.6923553719007
758.9460743801646
748.1958677685946
763.8280991735535
755.613842975206
775.7675619834703
791.7780991735531
759.1425619834705
757.449586776859
758.124586776859
756.7245867768594
737.8136363636357
772.4818181818177
758.471074380165
755.5923553719001
771.1603305785119
757.7210743801649
777.2210743801646
756.2958677685942
723.7353305785124
759.4173553719006
759.1138429752065
764.6640495867762
761.3603305785119
816.9173553719004
853.1851239669415
878.7495867768596
870.2033057851235
862.9173553719006
864.2603305785116
883.4818181818177
864.0495867768586
819.2099173553707
848.138842975206
845.5603305785122
858.4388429752061
837.6066115702475
853.4388429752063
831.3743801652886
869.6280991735533
852.9173553719004
798.4603305785117
814.8603305785115
837.8495867768587
828.8925619834707
833.1495867768595
885.0388429752059
816.9925619834708
833.7603305785118
842.3247933884292
905.0892561983468
825.1999999999996
827.0999999999996
825.7999999999997
855.3785123966935
878.0999999999993
866.8999999999995
845.1999999999989
777.7999999999993
855.6999999999996
835.8999999999993
870.9999999999994
825.2247933884294
809.1033057851234
823.6677685950402
852.3066115702475
854.6066115702473
796.7528925619828
843.9710743801647
849.6603305785117
869.228099173553
831.5173553719006
850.8851239669415
869.560330578512
879.2388429752062
853.1388429752062
841.0528925619828
835.3958677685945
814.1528925619832
836.9710743801647
828.0066115702477
835.0388429752062
843.5958677685942
852.949586776859
854.0173553719002
826.7851239669416
823.7851239669417
862.0066115702475
821.2851239669421
804.338842975206
842.1173553719
862.0495867768591
849.0280991735531
858.0495867768598
857.6743801652888
824.2280991735529
842.7280991735536
824.0528925619827
836.1925619834706
843.1710743801647
849.1495867768591
841.9710743801649
855.771074380165
829.3495867768587
860.7280991735531
854.1388429752062
850.6173553719003
876.0925619834705
786.5495867768591
867.9173553719
845.0495867768587
858.760330578512
842.9818181818177
807.5066115702475
832.5388429752059
853.7603305785115
851.5173553719003
854.3280991735529
832.0495867768586
845.9710743801651
836.8280991735533
821.8958677685946
853.5066115702472
799.8958677685946
871.4851239669417
839.1388429752055
834.0495867768591
824.5173553719002
827.7710743801644
815.4280991735534
835.1495867768589
805.1388429752063
857.5066115702474
858.5066115702472
849.228099173553
833.5958677685945
826.481818181818
880.6495867768588
850.0495867768587
844.7280991735533
845.5066115702471
835.8958677685946
849.1173553719002
862.9925619834708
850.9388429752063
853.7388429752061
854.681818181818
856.2173553719002
861.9603305785123
803.460330578512
886.538842975206
870.2710743801648
887.0388429752062
831.5388429752061
816.8173553719002
877.7495867768589
844.1958677685941
837.438842975206
841.7710743801648
801.7818181818182
867.2280991735531
865.9603305785118
870.1925619834707
823.8743801652884
835.5636363636356
866.6140495867763
834.0066115702474
841.4495867768594
857.3033057851234
850.2495867768591
851.6818181818176
853.9958677685942
806.4818181818176
865.5140495867764
839.649586776859
886.3743801652887
876.1603305785119
825.6818181818178
851.6925619834707
802.8958677685944
839.5033057851235
866.371074380165
835.4710743801645
868.4743801652888
848.1710743801648
826.8066115702471
871.0710743801646
851.2743801652886
844.0280991735528
854.3388429752063
843.4495867768588
845.9173553719002
871.038842975206
843.3421487603299
808.4743801652886
839.7495867768591
835.9818181818181
803.6388429752058
828.938842975206
847.1066115702477
861.5495867768587
846.5173553719001
841.2173553719003
889.1173553719003
856.4818181818176
835.5140495867768
863.8851239669417
874.7603305785121
842.7851239669417
841.8603305785122
