769.6346686822877
759.5645250692863
773.9783320735702
765.1020408163263
736.056941295036
750.6806752330561
763.6302343159484
766.9618543713777
754.4754850088184
777.8936759889142
761.452053413958
797.9339884101788
748.0520030234314
798.8569412950364
765.2931216931219
793.0036785084405
769.0425799949611
754.1361552028217
771.958478206097
769.9222978080118
782.4972537163015
773.6083648274126
782.9554043839757
755.9569664902997
790.7835726883343
767.453162005543
783.9325774754348
783.7796926177878
702.3607961703199
808.153993449231
789.4964978584026
758.5206349206354
759.5435626102291
762.9957168052409
798.0456538170827
772.6026706979085
809.9974804736711
780.4711514235322
761.4710002519527
770.2166792642984
769.4583018392542
752.1168052406148
792.2658604182415
775.0822877299066
787.5056689342405
801.7435122197028
792.795767195767
769.3352481733432
756.9005794910559
762.6920634920634
780.7561602418743
801.6720584530107
777.1365079365072
762.8050390526582
822.6790627362054
796.1048122952885
760.4011085915851
773.2922146636437
751.2727639203828
761.9668430335095
799.3490551776265
733.9745023935494
741.4558830939783
788.9871504157218
777.4615268329555
770.4097757621566
778.678054925674
812.4749811035526
781.4369362559842
791.651095993953
823.6364827412447
782.4220710506424
760.1250692869743
755.5320735701686
755.3669942050894
774.9559082892418
777.6072562358274
747.2150163769213
781.4470143612999
783.5087931468884
790.9913832199543
778.7755102040818
754.0555303602927
749.7542957923908
815.3728395061727
814.4477702191992
738.7224993701182
773.3975308641974
758.4097757621566
796.4628873771733
804.7832703451754
731.3441169060218
780.075988914084
786.920735701688
765.0487276392039
774.0236835474932
767.9427563618037
790.9850340136057
750.0168304358785
758.7611992945326
780.146132527085
765.8036785084404
776.7800453514741
759.8194003527337
766.9694129503653
765.2813303099019
791.905568153187
765.5412446460067
772.1067271352988
777.912925170068
771.6762912572439
802.6063995968757
789.3389770723107
741.1479969765682
767.2721592340642
724.2340136054423
764.9336356764926
753.9531368102796
762.8461577223484
775.6945326278659
742.7466868228771
798.4076593600405
752.3393298059966
737.0584026203074
744.3902242378437
777.0092214663644
766.0513983371122
769.9915343915346
749.1567649281938
755.2237843285465
810.0273116654073
756.8845553036031
753.2413202317964
773.557067271353
764.8508944318468
793.1493071302597
779.097606449988
809.5518266565887
733.6940287226004
742.4792139077854
763.0166792642988
765.0704963466874
776.8279163517263
757.4766439909297
773.9727891156464
763.3110607205848
751.8803728898966
760.1922902494332
778.108641975309
769.712370874276
741.7258755353994
737.7671957671959
751.5641219450746
739.701385739481
738.5856386999244
738.3466868228774
752.7374149659868
749.931872008062
752.0441421012848
790.8884857646764
767.6010078105318
764.851700680272
756.768657092467
755.8259511211894
754.7034517510708
765.2317460317463
763.7549004787098
749.6744771982869
768.7356009070298
749.9595867976819
789.3163013353491
795.0671705719324
742.953287981859
768.9955152431343
747.4686822877303
771.7586293776766
786.5645754598137
754.7266313932982
729.2357772738725
772.2633408919122
751.1202821869491
751.0132527084911
753.8657596371884
777.395212899975
760.3447719828677
755.4383471907281
765.6751826656591
750.1645754598136
739.0522549760649
752.9482489292012
716.9387755102039
757.0919627110104
772.0730662635424
744.234013605442
787.3847316704464
760.607205845301
757.2285210380452
765.6117913832204
747.1595867976818
790.335097001764
794.4541194255484
758.8233812043338
770.5752582514489
755.2699420508948
742.1957168052406
778.9967246157725
763.0056941295039
750.8932224741751
786.1152935248176
781.0363315696648
733.9438649533887
761.4897455278408
788.0044343663395
773.253917863442
731.3067271352987
789.9235071806505
755.9149407911315
767.9533383723866
813.5028470647521
760.534945830184
760.9469387755107
793.2615772234824
790.904006046864
752.7739984882846
772.5660871756116
769.6446460065512
772.7163517258759
764.9398841017892
770.602166792644
791.5712773998495
733.3530864197538
760.4996724615777
743.6050390526584
763.2560342655586
795.6911060720587
782.6883345930971
770.904913076342
774.2512471655336
748.6022675736965
766.6832955404387
755.3451247165538
798.513479465861
742.7352985638704
797.9763164525076
774.231090954901
779.0037792894942
761.16684303351
803.3656840513993
743.1849836230791
755.7217435122203
797.0292768959443
785.1669438145634
791.180246913581
808.3867976820361
777.6164273116658
781.3834215167552
787.4344167296553
809.2217687074833
783.5800453514747
833.1727891156469
791.8670697908797
779.7360544217693
788.0842529604439
809.3656840513986
777.8439909297059
798.6204081632654
779.736457545982
762.1405895691612
803.8290753338379
787.8717057193256
813.4188964474685
795.3651801461333
789.4749307130268
796.9230536659112
794.8741748551279
801.7000755857907
797.103149407912
781.8126480221724
835.6884857646768
798.8233812043342
778.2222222222227
777.4799697656847
805.6344671201824
764.0991685563117
761.4414714033768
793.4154698916609
815.2106827916363
826.330461073319
810.0254976064506
808.9920886873272
798.8447467876045
794.174855127237
780.6270597127744
764.1105568153196
782.5210380448481
810.5197278911573
753.7396825396834
789.2608717561105
784.8348702443946
801.476341647771
781.8982111363068
771.2641975308649
780.3012345679017
792.5580246913586
798.5302091206862
788.6716049382724
801.9456790123462
761.3629629629639
813.2395061728405
801.6086671705727
774.5131771227014
773.6246913580256
803.2554295792395
777.4879314688845
775.2073570168814
764.8798185941052
794.0596623834725
781.9563618039816
785.1296548248937
786.6575963718826
767.6151171579751
812.1287981859417
789.9687578735205
776.9462333081393
771.3632653061231
793.7917863441678
771.8720080624851
812.7527336860676
790.1283950617292
817.9566641471412
777.5802469135808
779.9099017384733
792.5541950113385
794.9925925925928
800.0148148148153
813.7580246913583
789.5950617283956
814.8629881582269
768.9135802469141
795.7283950617291
805.6691358024697
809.6345679012355
787.4172839506177
786.1382716049388
774.9074326026711
778.2358276643998
817.4814814814821
805.4814814814822
830.0938271604944
816.3061728395066
793.8617283950623
805.8666666666674
803.3629629629634
799.4518518518528
849.1563618039817
794.5333333333342
784.9679012345688
782.2962962962969
759.1168556311419
784.6636432350728
827.0082136558332
803.8681783824647
770.7204837490558
821.9859914336112
824.2686822877306
801.660367850845
797.9316704459566
805.585991433611
788.2419753086424
814.5321239606966
769.664197530865
798.1975308641979
800.2773494583025
815.8320987654326
798.1580246913588
843.4506424792146
769.5790375409427
810.3255228017135
778.1143864953394
790.375308641976
804.3574703955667
817.7872511967756
770.6998236331577
831.3561098513487
786.855026455027
799.220458553792
773.8567901234574
817.5851851851859
780.185739480978
789.9901234567907
768.7057697152942
810.7839758125476
790.311917359537
783.9369110607212
793.3827160493832
794.6518518518524
792.9283950617289
767.2740740740741
824.1135802469138
797.2543209876546
832.5815066767453
777.0864197530867
823.2049382716054
805.4024691358031
785.422222222223
798.6518518518525
778.3949609473426
795.5654320987659
836.0839506172848
776.8156210632408
812.437087427564
828.1773746535661
795.7393801965237
777.165432098766
766.2987150415727
793.3785840262038
778.579289493576
808.4641975308649
797.7436130007567
808.8119929453269
797.1331821617542
777.6340639959694
761.2490803728904
786.8987654320994
779.5254220206608
765.7057193247675
794.1197278911569
778.6448979591845
804.5534895439667
781.1525321239612
789.9562610229285
769.0487276392046
768.5511715797436
787.884807256237
779.5349962207108
768.4150163769218
774.8135046611246
786.3141345427063
740.9946082136562
751.9953640715548
772.0664147140344
810.6011589821122
770.4344671201817
764.1255731922407
786.393247669439
754.7497102544729
783.842983119174
778.1859410430845
812.3561602418753
788.1450239355007
830.0122952884865
773.1135298563873
774.2002519526335
772.6961955152437
797.0717057193255
796.7661375661384
787.1142353237597
783.4772486772495
782.2095238095244
768.1120685311168
797.2911060720594
769.7739480977582
807.8339128243896
776.0639959687588
763.0837994457047
760.7477954144629
818.3382212144122
770.8069538926687
773.8362307886123
782.7837742504415
784.2587049634672
780.4433358528605
816.9784832451506
767.4066011589832
786.7677500629885
783.766490299824
770.9241622574959
743.1336860670199
810.0498866213154
806.6333081380708
779.1176618795673
769.0802721088442
791.0090199042587
817.2056437389778
792.780952380953
798.2666666666669
785.1546485260775
776.2184933232558
795.1450743260268
834.7152431342918
787.8661627614016
807.8246409674985
775.4598135550525
783.2839506172844
791.7193247669442
780.4888888888895
795.6493827160501
812.7259259259267
799.723456790124
789.540740740741
812.3555555555558
787.5654320987658
830.3703703703715
785.9950617283957
810.3851851851856
788.3662383471913
824.355555555556
806.2271604938279
807.4617283950624
789.7185185185192
787.7086419753092
818.8938271604947
824.3753086419762
816.6370370370379
801.6148148148153
800.4888888888895
823.4271604938277
784.0938271604945
778.3209876543212
809.6049382716053
811.6592592592596
741.7086419753092
803.866666666667
777.8123456790128
808.2271604938273
812.1925925925933
802.0296296296301
783.6543209876547
817.0913580246919
774.9086419753088
770.2074074074075
818.7802469135809
787.3333333333337
823.8419753086423
788.7753086419759
814.3802469135804
816.7259259259265
787.8913580246916
796.2271604938276
790.3209876543215
808.4148148148153
807.6000000000007
771.145679012346
799.1654320987664
772.2074074074078
791.2197530864203
764.4098765432105
795.9407407407414
750.7111111111118
799.7185185185191
806.5530864197536
779.5950617283955
803.6148148148152
777.9703703703709
778.6765432098771
817.2592592592597
797.4419753086427
834.7851851851859
817.4518518518524
803.0765432098772
818.0543209876548
793.5901234567907
799.4962962962968
818.3654320987658
802.1876543209883
786.4049382716053
805.545679012346
784.4148148148156
783.1160493827164
786.1679012345684
848.9580246913589
812.3160493827166
774.8049382716056
742.3308641975315
760.7061728395067
802.4691358024702
788.6518518518525
817.7679012345686
773.5308641975312
799.3679012345683
788.0888888888894
826.3654320987664
784.1777777777784
807.545679012346
808.8987654320997
826.3061728395069
767.303703703704
792.5629629629636
780.0691358024695
793.1851851851854
800.9580246913583
789.940740740741
801.2049382716056
830.834567901235
811.0172839506176
763.8370370370374
799.9851851851855
785.4074074074077
760.1629629629633
796.7061728395065
792.2765432098766
808.923456790124
844.8543209876544
830.8543209876545
788.5086419753089
822.1580246913584
820.6913580246918
825.7382716049386
820.2962962962968
810.3407407407409
789.5950617283959
811.7432098765435
793.6790123456793
829.1555555555561
816.3061728395066
782.3407407407411
793.6790123456794
804.9283950617289
803.1012345679019
795.9802469135807
807.1802469135803
823.6641975308646
811.5012345679017
810.5925925925928
859.8370370370374
798.2765432098771
792.2172839506175
819.4370370370375
772.9481481481488
769.2543209876548
786.3308641975312
792.4790123456796
788.6469135802477
807.1802469135805
804.8938271604939
816.1432098765437
783.4271604938276
823.6987654320993
774.8098765432103
819.6246913580251
823.8024691358028
808.4938271604941
770.0098765432106
790.8641975308642
847.9555555555559
788.8197530864204
808.1135802469142
815.6888888888893
789.6000000000005
796.2814814814822
764.3061728395068
815.9753086419756
789.5259259259266
796.2320987654324
845.185185185185
821.9456790123461
797.9753086419757
754.6666666666667
837.7827160493827
765.3234567901237
804.6962962962969
797.1802469135805
837.6987654320992
797.2938271604944
814.5925925925927
764.034567901235
812.4493827160495
779.4913580246921
800.3209876543215
841.6641975308646
782.4395061728401
780.3209876543216
787.7629629629637
818.8543209876552
798.5827160493831
818.3703703703707
781.7283950617289
786.202469135803
813.9209876543215
811.7580246913586
765.7481481481486
772.0246913580253
780.9185185185191
793.9604938271609
796.2765432098769
785.3135802469142
779.1654320987658
773.7086419753094
811.6197530864201
734.2419753086428
781.2987654320996
815.8172839506177
769.7827160493831
750.7851851851857
785.8913580246922
798.1629629629634
802.2172839506177
835.2740740740746
767.9160493827166
801.9061728395066
825.224691358025
812.187654320988
760.1283950617287
788.4493827160501
781.1358024691366
790.034567901235
785.2000000000005
816.1777777777781
813.8567901234575
782.3753086419755
764.5283950617289
801.3580246913587
799.5604938271606
802.9086419753096
793.476543209877
832.3358024691365
796.7259259259263
791.5753086419759
806.1827160493831
797.9308641975315
781.7086419753089
790.9629629629634
788.4296296296301
811.6938271604945
827.051851851852
813.5259259259266
814.3506172839514
794.4987654320995
811.9259259259267
742.9234567901241
772.7456790123463
795.402469135803
772.1481481481487
809.8814814814821
771.7777777777787
778.6320987654326
768.5679012345687
788.3407407407416
791.1802469135811
749.3827160493834
780.0641975308653
784.9037037037048
756.543209876544
786.0098765432107
763.9111111111121
786.5876543209888
804.4098765432105
783.9358024691368
753.170370370371
759.9012345679018
778.7901234567909
784.385185185186
770.0000000000011
753.7481481481491
761.3777777777785
799.6296296296308
786.6074074074085
782.8000000000012
802.735802469137
794.4246913580257
750.9037037037048
763.8716049382724
792.0592592592604
782.325925925927
794.567901234569
793.827160493828
761.6049382716055
772.5728395061738
798.7654320987664
769.3432098765442
776.5432098765443
743.3333333333339
749.6296296296304
775.1851851851864
755.0617283950628
783.0864197530874
810.6172839506182
786.2962962962977
764.3209876543222
758.2716049382725
751.111111111112
792.7160493827171
778.7654320987664
774.6913580246921
762.7160493827167
753.3333333333344
749.2592592592601
782.9629629629637
757.901234567902
773.333333333334
770.1234567901244
778.3950617283962
731.6049382716059
784.9382716049391
758.2716049382724
773.3333333333343
785.432098765433
780.3703703703715
766.9135802469144
792.8395061728406
768.7654320987665
758.1481481481491
772.4691358024701
787.7777777777787
780.864197530865
785.3086419753095
774.6913580246921
813.5802469135814
739.8765432098775
762.0987654320998
786.6666666666672
773.0864197530874
766.4197530864209
752.962962962964
742.8395061728406
788.3950617283961
756.5432098765441
750.4938271604947
766.7901234567912
751.7283950617297
783.4567901234577
754.9382716049392
763.2098765432107
777.4074074074084
769.2592592592601
770.246913580248
783.4567901234578
811.851851851853
800.3703703703716
782.2222222222233
798.1481481481491
749.506172839507
781.8518518518529
744.0740740740752
770.6172839506182
766.5432098765441
795.1851851851861
760.000000000001
790.6172839506182
781.1111111111122
797.4074074074085
765.5555555555565
776.6666666666679
769.5061728395071
778.8888888888898
773.7037037037045
778.7654320987664
774.9382716049391
776.1728395061738
754.938271604939
795.3086419753098
757.6543209876555
776.2962962962972
798.6419753086429
757.7777777777787
792.2222222222234
787.283950617285
777.1604938271613
775.67901234568
770.2469135802479
784.5679012345688
755.0617283950627
780.0000000000011
798.2716049382727
763.9506172839517
787.0370370370379
777.0370370370381
788.024691358026
778.8888888888898
743.8271604938282
749.1358024691365
767.7777777777786
752.0987654320998
772.2222222222232
785.9259259259267
769.0123456790132
767.1604938271616
778.3950617283961
770.3703703703715
784.0740740740752
783.209876543211
787.1604938271615
779.753086419754
785.5555555555566
795.9259259259269
767.0370370370382
780.6172839506181
781.3580246913589
772.0987654320995
772.5925925925937
762.9629629629637
786.6666666666675
793.2098765432107
782.9629629629636
807.037037037038
790.7407407407418
762.716049382717
778.0246913580256
755.925925925927
789.8765432098777
740.6172839506181
773.0864197530873
787.6543209876554
755.4320987654331
773.209876543211
787.530864197532
749.1358024691367
800.9876543209887
780.0000000000009
759.2592592592601
779.8765432098775
808.2716049382726
776.1728395061738
769.6296296296306
742.8395061728404
765.9259259259269
808.88888888889
784.4444444444454
794.1975308641987
786.2962962962972
751.975308641976
780.1234567901244
766.5432098765447
773.7037037037045
796.4197530864207
805.0617283950629
771.358024691359
789.8765432098775
753.703703703705
771.3580246913589
787.4074074074085
786.172839506174
760.0000000000008
774.0740740740748
794.5679012345689
782.962962962964
802.962962962964
760.7407407407418
794.8148148148158
771.9753086419765
761.4814814814824
777.283950617285
760.1234567901241
781.4814814814824
771.8518518518529
766.2962962962972
743.7037037037046
762.8395061728407
772.7160493827172
786.7901234567914
741.4814814814821
751.8518518518525
780.0000000000009
779.8765432098777
793.0864197530875
744.691358024692
786.2962962962971
774.074074074075
785.4320987654331
767.1604938271614
775.67901234568
760.1234567901247
779.5061728395073
757.901234567902
769.8765432098775
782.4691358024699
783.8271604938282
755.3086419753096
779.3827160493837
754.0740740740748
788.8888888888899
764.0740740740748
759.7530864197538
757.0370370370381
763.4567901234577
773.8271604938279
772.7160493827172
796.2962962962971
754.1975308641984
786.5432098765446
783.8271604938282
747.9012345679023
772.4691358024701
779.7530864197541
724.8148148148155
786.172839506174
785.67901234568
778.3950617283962
781.4814814814825
790.1234567901247
745.3086419753096
760.6172839506182
759.3827160493836
782.9629629629641
765.0617283950626
763.9506172839518
755.4320987654329
760.3703703703715
784.8148148148157
794.1975308641987
