0.7822469284188031
0.7998759780354444
0.7858418567747606
0.7893543573460846
0.7698817127011055
0.793887581985008
0.7928611536033405
0.7870195342851585
0.7880698511557882
0.7788906992721324
0.7882932388791756
0.7947446663324418
0.7972754535599201
0.7741909425847838
0.7798631732340365
0.7564370729352342
0.7710593009421126
0.7914555713383832
0.7845761596450928
0.7737290806109735
0.7632958723262029
0.7771883676984772
0.7715296167272262
0.7666689519630691
0.8045970522533016
0.7807409055915485
0.7741552794631831
0.7714653695467109
0.7882181454676855
0.7836990164655604
0.8067430705528126
0.7830645342708754
0.7669781543517752
0.7823177154748839
0.7710570781342833
0.8030735361962374
0.8071209166395283
0.7941015339337946
0.7762369925570749
0.818886796414369
0.8070197208581853
0.7923412843794274
0.82569756440965
0.8034519045088889
0.8084917329402618
0.7820565221645182
0.7878618534753642
0.801844626982494
0.8012388270430539
0.7932243059483403
0.7849691859917036
0.7752872778263397
0.784839772155948
0.8046009890334334
0.8073723661958949
0.8047419989630462
0.7837221907993965
0.7805535916289589
0.7983189859568531
0.80124552224736
0.7938401442307689
0.7935348072066817
0.7726576247486173
0.7802739998971611
0.8057481810468937
0.8140037964486492
0.8316379736990944
0.7959146845291141
0.7885244912358874
0.7725586785559209
0.805704439045431
0.7989497991795781
0.8047777959887327
0.79196547809829
0.7806943158965215
0.7803836137820507
0.8100705513848891
0.8073734642094011
0.8323012899069879
0.7828392094017089
0.7917170503108002
0.8156917735042728
0.7881088529526027
0.796179189733877
0.8169680579836827
0.8009298210470079
0.820032354797979
0.8127974456099453
0.8115598237036652
0.7933360042735037
0.8160740518162388
0.8009331597222216
0.7852731036324784
0.803844484508547
0.795367588141025
0.8091596554487177
0.7983473557692301
0.7854044903217692
0.8033974055458427
0.7994369422448461
0.8067807511626445
0.8272619524572646
0.8041633279914526
0.7967100390928513
0.8188204156954152
0.8086889022435894
0.8229002768065268
0.8106754139957266
0.7974728281828463
0.7770783253205125
0.808729876893939
0.8118392458236201
0.8148906432109552
0.8194057550904971
0.778912927350427
0.789224425747863
0.809710536858974
0.7885683760683758
0.7974358974358973
0.809732238247863
0.8077407184829055
0.7973858173076918
0.804769297542735
0.8227380475427347
0.830917801816239
0.8139256143162391
0.8158119658119658
0.8161207932692305
0.7876135149572646
0.8117988782051277
0.8317574786324785
0.8164947248931619
0.7997863247863242
0.7980084802350423
0.8138922275641021
0.8094033787393157
0.8373530982905981
0.8486177884615382
0.8209718883547007
0.8060880742521364
0.8274138621794866
0.8397686298076921
0.8532017895299143
0.8477413862179485
0.8409104567307685
0.8328625801282047
0.8328625801282045
0.8023220486111108
0.8560813969017091
0.8606136485042731
0.8081146501068369
0.8277243589743585
0.857665598290598
0.8400140224358971
0.8226228632478629
0.8377504006410255
0.8082932692307693
0.8317124065170937
0.8316556490384609
0.8220870058760681
0.8412910657051277
0.8279346955128205
0.835276442307692
0.8279864449786322
0.8285006009615383
0.8477497329059827
0.8377236912393161
0.8281283386752135
0.8274522569444442
0.8419254139957261
0.8509882478632472
0.8602330395299144
0.8562399839743587
0.8732622195512818
0.8287059294871794
0.8182001808954931
0.8478331997863243
0.8422175480769231
0.8409004407051278
0.8526258680555553
0.808413461538461
0.8191658168220662
0.8406767494658115
0.861884014423077
0.8414129273504267
0.8505992922008544
0.8405181623931621
0.8349509214743588
0.8331213274572645
0.8493956997863242
0.8451021634615383
0.8353281917735037
0.8365718482905983
0.8359274839743588
0.8234909188034188
0.8434244791666664
0.8407652243589743
0.8513605101495721
0.8469584668803415
0.853482238247863
0.8373147035256407
0.8459101228632477
0.8704644097222219
0.821657986111111
0.8556189903846152
0.8294521233974357
0.8672225560897435
0.847646233974359
0.8702724358974356
0.8392327724358974
0.8505909455128201
0.8509364983974355
0.8714042467948714
0.8571664663461533
0.8687984107905976
0.8703291933760684
0.8586004273504269
0.8475060096153844
0.8588675213675212
0.8553268563034183
0.8820012019230767
0.8651709401709399
0.8623263888888884
0.8620209001068373
0.8673427483974354
0.8760316506410253
0.8717781784188032
0.875806290064102
0.8781901041666664
0.8666533119658116
0.8793319310897435
0.8821814903846152
0.8729867788461538
0.8754156650641024
0.8718950320512823
0.8613080929487175
0.8783403445512817
0.8856169871794869
0.874854767628205
0.8645332532051281
0.8552784455128203
0.8735777243589739
0.8763221153846151
0.8849559294871794
0.8670222355769228
0.8722105368589741
0.8776692708333331
0.8768078926282048
0.8806290064102562
0.894190705128205
0.87890625
0.8833333333333331
0.8702724358974353
0.8659254807692301
0.87520032051282
0.8817908653846149
0.8787109374999998
0.8540464743589741
0.8638922275641022
0.8774238782051281
0.8717948717948714
0.8740635016025639
0.8744190705128204
0.863681891025641
0.8736177884615386
0.8791666666666663
0.8832381810897435
0.8733173076923074
0.8708733974358972
0.8641626602564099
0.8658503605769229
0.8710987580128201
0.8762870592948716
0.8840044070512818
0.8754807692307695
0.8741286057692303
0.877473958333333
0.86572516025641
0.8685997596153842
0.8982572115384614
0.8664162660256407
0.8640875400641026
0.8745993589743587
0.8705428685897432
0.8647135416666663
0.8795072115384615
0.8772736378205127
0.854437099358974
0.8577173477564098
0.8697566105769229
0.8669320913461536
0.8721955128205126
0.8700821314102564
0.861884014423077
0.8486929086538457
0.8846604567307688
0.8800380608974354
0.8684795673076917
0.8663211137820515
0.8672275641025636
0.8760416666666663
0.8650040064102562
0.8817858573717944
0.8654947916666664
0.8717197516025635
0.8770582932692306
0.8628655849358969
0.879792668269231
0.8904397035256412
0.855558894230769
0.8709885817307689
0.8683343349358972
0.8717297676282048
0.8725360576923075
0.8637269631410254
0.8548277243589744
0.8594000400641023
0.8695329193376065
0.8773988381410252
0.8743189102564098
0.8576622596153844
0.8515675080128203
0.8351913060897429
0.8601812900641024
0.8629740918803412
0.8437149439102559
0.8578325320512817
0.8588491586538457
0.8565454727564098
0.8576622596153843
0.864615050747863
0.8698667868589741
0.8718199118589742
0.8590044070512814
0.8639573317307692
0.8521083733974354
0.8722906650641021
0.851607572115384
0.8586788862179481
0.8510984241452987
0.8464393028846146
0.8611879006410249
0.8756276709401707
0.8739533253205124
0.8598173744658117
0.8534622061965812
0.8567891960470085
0.858293269230769
0.8573818108974356
0.8668018830128201
0.8858173076923073
0.8788461538461533
0.8530715811965806
0.8562366452991446
0.8728715945512816
0.8701205261752135
0.878418803418803
0.8532184829059825
0.8451522435897427
0.8665882077991443
0.8792534722222219
0.8721354166666662
0.856156517094017
0.8567240918803412
0.8496861645299139
0.8553218482905975
0.8563434829059831
0.8558426816239314
0.8703659188034186
0.8530448717948718
0.8663528311965806
0.8793336004273499
0.8890224358974355
0.8653311965811961
0.8699919871794868
0.8572716346153841
0.8620259081196576
0.8618723290598285
0.8812900641025639
0.8711121127136747
0.8625200320512816
0.872696314102564
0.8596955128205123
0.8723357371794868
0.8746394230769224
0.8710136217948716
0.8622395833333326
0.863802083333333
0.8589943910256401
0.8638020833333331
0.8772636217948714
0.8694711538461537
0.8684895833333331
0.8602764423076917
0.8471354166666663
0.8824719551282046
0.8763020833333328
0.8679687499999995
0.8463541666666663
0.854427083333333
0.8583333333333326
0.8700520833333332
0.8780448717948708
0.8833333333333334
0.8648437499999996
0.8513020833333328
0.8729166666666661
0.8666666666666661
0.8786458333333331
0.8768229166666662
0.8716145833333329
0.8502604166666662
0.8721354166666663
0.8817708333333331
0.8658854166666664
0.8747395833333329
0.8627604166666665
0.8661458333333334
0.8669270833333328
0.87734375
0.8848958333333329
0.8661458333333331
0.8653645833333332
0.8505208333333331
0.8726562499999995
0.8822916666666661
0.8812499999999996
0.8729166666666667
0.8744791666666663
0.8713541666666663
0.8705729166666667
0.8851562499999995
0.8854166666666667
0.870052083333333
0.8708333333333331
0.8736979166666663
0.8729166666666662
0.8867187499999999
0.868229166666666
0.8776041666666662
0.8736979166666665
0.8700520833333327
0.8658854166666661
0.8729166666666662
0.8716145833333331
0.8604166666666663
0.8588541666666665
0.8760416666666663
0.8700520833333328
0.8747395833333329
0.8710937499999994
0.8677083333333335
0.8591145833333328
0.866927083333333
0.8895833333333328
0.8817708333333328
0.8867187499999999
0.8596354166666661
0.8658854166666665
0.8825520833333333
0.8700520833333328
0.8768229166666661
0.8749999999999999
0.8729166666666665
0.8656249999999994
0.8791666666666662
0.8812500000000001
0.8825520833333329
0.8656249999999995
0.8812499999999996
0.8624999999999995
0.8700520833333327
0.8804687499999997
0.8828124999999999
0.8674479166666665
0.8703124999999997
0.8617187499999994
0.8682291666666663
0.8749999999999994
0.883333333333333
0.8736979166666663
0.865364583333333
0.8549479166666663
0.8624999999999994
0.8828124999999996
0.8723958333333329
0.8838541666666665
0.8671874999999993
0.8604166666666659
0.8632812499999993
0.8796875
0.8723958333333333
0.8703124999999998
0.8588541666666661
0.863541666666666
0.8624999999999996
0.8791666666666668
0.8677083333333332
0.8609374999999998
0.8785937499999994