806.1526832955407
827.1302595112119
787.0827916351723
807.6648022171828
777.9923406399597
813.2821365583271
804.1425044091715
800.1742504409174
804.628369866465
794.3012345679016
838.3576719576724
812.6404635928444
821.8303854875284
786.2261526832956
861.3025951121191
861.7952128999752
842.7752078609225
846.4306374401615
802.1921894683798
822.043235071807
810.0739732930213
820.3267321743514
840.2124464600657
822.059360040313
829.1765180146133
863.6498866213153
854.1381708238855
870.4748803225001
861.3046107331827
847.426656588562
867.4602166792649
826.5931972789119
906.8136054421774
833.9295540438403
882.9536911060726
876.7243134290759
886.5741496598646
841.4691861929963
882.4459561602426
842.2470143613006
852.2095238095243
865.9548500881841
843.3573192239862
886.7639203829682
907.197379692618
865.781405895692
896.9915847820615
864.8487780297306
889.9814562862186
881.615721844294
888.2325018896453
830.7809523809524
891.793298059965
903.6658100277151
856.3218946837998
911.0404635928447
888.899773242631
923.3911816578487
885.8793650793656
862.108843537416
807.8960947341908
886.41209372638
881.7728395061733
866.3650289745534
896.9295036533136
903.6573444192499
885.8746283698671
916.4415217939035
883.308440413203
912.2994205089448
901.5422524565386
882.9867472915097
857.141043083901
888.1014865205351
912.0377928949364
916.4474678760402
897.4014613252717
850.7482993197284
907.5945578231299
871.3654824892925
886.9416981607466
897.0059964726639
870.6940791131271
917.1415469891668
922.8666162761406
869.0651549508701
914.8760896951379
906.7950617283957
907.0651549508702
938.5848324515
941.1063744016135
935.9333837238607
923.3547996976581
910.8990677752595
942.6818846056949
919.6190476190486
933.7085411942566
935.599596875788
933.5174603174611
912.8006046863197
946.9998488284211
942.6566893424045
943.2698412698425
953.4222222222228
925.9582766439917
921.6569412950372
951.9386243386255
939.5879062736216
911.7795918367359
951.7946082136568
943.0325018896457
937.2962459057699
967.3256739732936
956.9256739732938
904.4756865709255
949.2439405391794
949.0121441169066
942.6685815066778
895.7586293776776
929.7601410934756
931.5398337112631
926.4619803476955
938.9504661123715
899.177828168305
934.9503653313185
967.1281431090965
960.9647770219203
965.5856890904522
973.3370622323014
962.0335600907038
941.8081128747806
954.0785084404141
915.8425799949616
922.0897959183682
909.6421264802225
964.5387755102048
929.3141849332333
941.9206853111625
936.0138070042842
919.8361300075595
933.2345679012354
923.723255228018
957.3908793146894
927.0394557823139
924.7647266313943
890.8948349710264
940.8775006298823
955.7033005794924
935.8200050390535
959.597581254725
962.102494331067
982.4821365583284
953.4933736457557
922.984731670447
921.221869488537
975.2674225245664
900.414411690603
948.4844545225507
920.0117913832211
912.1133786848083
945.1730914588069
941.3141849332336
955.1863945578242
959.359939531369
954.8538170823895
943.3546989166047
950.5471403376175
934.6447971781316
939.5120181405908
945.71216931217
920.2304862685826
953.1510204081642
925.9358024691369
943.4374401612508
954.8105820105832
902.7530360292276
917.7406903502149
928.1005794910565
915.5941546989175
924.9650793650802
934.0929201310163
928.4125976316461
934.092113882591
940.8154195011348
943.9559586797693
930.2485260770984
948.1459309649794
966.4562358276656
929.6027210884366
943.5599899218959
946.7241118669701
944.5484504913085
949.6672209624599
958.1732426303864
929.4060972537173
946.2583018392554
940.8624842529615
938.0170319979857
959.2692365835234
929.6699420508954
961.1920382968011
951.8971025447229
953.350970017638
954.8293272864712
938.377525825146
945.5657344419261
923.8043839758136
957.472915091964
955.0024691358036
985.3090450995226
938.6839002267587
946.7514235323772
952.7273368606714
948.7682539682551
943.0031746031758
937.9758125472423
960.3555555555567
968.3608969513741
955.8271604938284
975.4525573192251
932.5777777777791
974.5477450239368
985.5836734693892
945.3786848072575
937.7029982363325
945.547593852357
956.2786596119942
968.2056941295049
939.0954900478723
945.2632905013869
937.98689846309
918.1985386747302
913.2199546485274
912.7466868228782
904.0942302847075
887.5585789871515
911.365583270346
904.5124716553296
935.1902242378443
897.8231292517017
896.7876039304618
921.2396069538938
916.117409926935
946.0594608213665
915.3590325018911
950.2095238095251
923.1846812799203
959.533887629127
936.684303350971
961.3832199546499
949.9118165784845
942.7286470143624
956.9790879314702
965.9788359788373
911.1489040060479
941.3781809019914
916.3995968757885
935.8553791887134
924.7215923406408
938.3295540438409
946.1778785588319
930.390526581004
943.2930209120694
929.2265054169831
946.9538926681796
927.3721340388021
936.1879566641481
947.3293020912081
921.1766187956677
950.6550768455543
932.564877802974
923.658352229782
965.0516502897465
971.7535903250201
973.8095238095256
925.9133282942818
918.3673469387768
984.2731166540699
892.2373393801979
952.0559334845063
950.6802721088447
942.5573192239872
939.7178130511475
911.854371378182
916.8178382464112
969.4356261022941
968.1456286218202
933.4063995968773
966.2055933484514
924.824892920132
937.7551020408176
962.8420256991698
943.9279415469904
940.1436130007571
958.6822877299081
982.9629629629644
980.987654320989
960.4938271604954
957.6543209876556
959.382716049384
970.8641975308656
989.2592592592606
985.8024691358039
980.2469135802482
966.0493827160509
974.1975308641989
956.7901234567917
965.1851851851864
963.5802469135816
959.1358024691372
968.8888888888902
1002.2222222222238
986.2962962962978
975.4320987654335
989.5061728395077
960.7407407407422
991.3580246913594
955.6790123456805
979.2592592592607
979.1358024691369
964.4444444444457
962.5925925925941
969.0123456790138
975.5555555555571
980.4938271604951
958.6419753086433
963.4567901234581
987.6543209876555
937.7777777777793
985.8024691358039
967.0370370370385
996.5432098765447
961.1111111111126
962.4691358024705
959.7530864197545
984.197530864199
992.4691358024705
968.3950617283963
974.8148148148163
988.3950617283962
974.1975308641989
960.2469135802486
1000.2469135802485
975.1625094482249
942.0534139581772
952.506928697406
940.9901738473178
941.8871252204592
939.6472663139341
951.7359536407167
957.3293020912081
963.0007558579
924.9055177626617
936.1501637692126
932.2071050642489
953.3786848072577
933.3812043335865
941.9072814310921
960.1713277903767
957.5056689342417
940.8616780045363
955.8402620307395
961.546989166038
933.6281179138333
928.6722096245919
949.9521289997492
931.2925170068042
956.4953388762924
964.5754598135566
956.1350466112382
934.1698160745789
931.6855631141357
956.1753590325036
938.987150415723
933.8876291257253
922.3456790123467
932.1340388007065
912.7765180146146
951.9727891156476
933.4794658604192
957.1630133534906
907.6669186193006
961.8921642731178
935.0844041320242
923.698664651047
909.8135550516516
954.8526077097519
947.6820357772751
920.9423028470657
980.9297052154205
992.8395061728409
974.2227261274894
945.6160241874542
946.2534643487035
946.8631897203336
962.9478458049898
953.6104812295304
976.3542454018657
956.5457294028736
909.4557823129267
940.5542957923923
935.5958679768215
969.2592592592605
913.9632149155971
957.9969765684066
933.0360292265067
941.5293524817347
942.2448979591848
950.2166792642997
964.9559082892428
955.2305366591095
923.8851095993967
926.2459057697165
971.3126732174363
930.599647266315
930.6777525825157
962.8420256991698
961.5595867976834
950.695389266819
936.4424288233823
976.4323507180663
940.2821869488547
987.4074074074089
964.6334089191246
961.6049382716066
994.1975308641987
978.1481481481494
981.9753086419768
938.7452758881345
959.0123456790135
968.6419753086434
980.6575963718833
955.4472159234077
937.1604938271618
993.7037037037052
984.9382716049398
974.074074074075
975.8024691358038
955.1851851851866
962.5925925925941
994.6913580246926
981.3580246913593
987.6543209876558
982.0987654321001
961.2345679012358
993.9506172839519
963.0864197530881
955.1851851851867
962.7815570672724
944.6460065507696
963.5399344923167
948.1481481481495
962.0987654321001
980.0000000000015
947.7777777777792
972.8395061728411
992.2222222222238
955.8024691358039
938.8888888888903
965.0617283950633
963.7037037037052
972.3406399596888
911.4688838498375
936.414714033763
949.2869740488801
926.1073318216186
953.0435878054936
953.8447971781319
953.6860670194014
945.5379188712534
922.066011589822
960.4257999496108
975.3766691861941
913.7137818090212
954.5578231292525
976.7800453514755
955.8629377677008
931.9198790627373
927.7676996724623
947.9717813051159
956.5583270345185
941.9375157470406
933.9027462836996
944.716553287983
961.0052910052923
957.7374653565141
943.5348954396584
942.2650541698174
958.584026203075
960.9649785840274
965.9183673469403
931.6729654824903
947.9289493575218
956.2055933484517
911.9576719576733
970.6550768455543
914.9281934996231
931.688082640465
956.8505920886885
911.0128495842793
926.1753590325026
940.8868732678269
924.7467876039315
938.1279919375169
948.0599647266325
985.9889140841537
962.8571428571439
973.408919123206
956.9110607205859
941.6326530612256
947.4930713025967
954.9937011841785
943.0536659108102
973.310657596373
979.7253716301348
970.6147644242894
903.8019652305378
972.4691358024703
971.6049382716061
930.2721088435386
956.6969009826163
929.9672461577236
916.1577223481997
953.5525321239618
945.0894431846829
964.1521793902759
941.4310909549015
926.1577223482001
928.7452758881342
928.5563114134554
947.6089695137326
936.1073318216185
911.5998992189479
948.0901990425809
925.4749307130273
944.8248929201322
945.2910052910063
982.0534139581771
959.9546485260784
936.4399092970535
969.6649029982373
964.9004787100037
973.3182161753601
952.3179642227275
940.4081632653072
965.8604182413717
929.8085159989936
971.0506424792153
962.9554043839768
925.7520786092224
924.1723356009081
925.8679768203588
948.7553539934504
964.2277651801476
931.2622826908554
965.9611992945338
962.2852103804497
948.0448475686579
962.438901486522
929.1509196271112
945.9586797682047
950.5114638447985
929.851347946587
921.1136306374414
914.1849332325534
984.6182917611502
988.765432098767
930.6626354245412
914.0161249685069
982.0735701688096
978.0473670949876
963.1645250692882
987.4174855127246
946.8581506676759
982.9453262786609
962.1693121693135
957.7551020408173
944.4368858654586
967.3570168808276
947.4703955656349
967.666918619301
982.5774754346195
899.9924414210137
937.188208616781
939.7782816830448
926.7699672461589
920.2872260015129
937.8256487780308
955.8780549256753
949.3978332073582
961.4537666918628
941.7913832199558
925.7243638196031
889.503653313178
947.9894179894194
944.1698160745791
932.6984126984139
960.6601158982122
958.1632653061234
938.4076593600413
960.3527336860683
971.5570672713544
949.496094734191
957.3897707231055
939.8689846308906
975.7294028722611
942.5875535399357
926.8858654572954
915.2607709750578
913.1292517006814
930.435878054927
942.6354245401877
940.0554295792404
947.485512723609
940.6223230032764
943.3837238599156
903.824640967499
946.1703199798451
920.6827916351738
933.3182161753601
938.6722096245918
945.0214159737978
974.2000503905278
943.1821617535918
933.5500125976328
956.1476442428835
955.2582514487287
919.8639455782323
927.7903754094241
944.5653817082399
940.4661123708754
933.8019652305378
959.1861929957178
939.7253716301346
951.1312673217446
948.7351977828179
917.8458049886628
937.8004535147406
960.7684555303615
949.1282438901499
923.3963214915609
944.0463592844558
918.9266817838256
927.2688334593105
916.4197530864211
937.2889896699432
944.8652053413973
920.138573948099
939.6749811035536
930.9599395313691
928.8032249937023
955.870496346688
931.4714033761667
970.5542957923925
963.9203829680033
935.159989921896
917.6039304610742
962.403628117915
968.8863693625608
919.7203325774763
941.5747039556578
957.6442428823392
917.7525825144884
958.6545729402884
944.6031746031758
949.7203325774766
983.0461073318227
967.334341143866
941.8039808516007
944.5326278659622
958.3572688334607
941.5998992189479
943.8624338624351
956.122448979593
995.7545981355516
956.7624086671718
965.9158478206111
922.2574955908301
954.0816326530625
965.3237591332844
918.5638699924424
955.9511211892176
915.517762660621
960.7407407407419
945.2607709750578
935.3665910808778
916.3114134542716
961.6754850088197
933.8750314940804
955.6739732930223
960.3099017384748
934.1496598639469
923.7666918619309
944.877802973042
937.0521541950128
951.1489040060479
899.8185941043097
947.7651801461335
950.148652053415
907.7122700932233
908.1582262534656
948.9191232048387
945.4320987654335
949.9697656840527
924.368858654574
955.724363819603
959.5288485764686
955.621063240112
946.7220962459068
930.9120685311174
940.5820105820119
960.9372637944077
950.7508188460581
970.7558578987165
945.3464348702457
968.8057445200316
919.0753338372398
951.7057193247681
953.6306374401624
939.5490047871015
929.3701184177385
964.409171075839
917.3519778281694
965.9183673469398
952.5346434870255
956.3542454018656
956.7573696145137
914.149659863947
950.9750566893438
959.0828924162266
935.8679768203586
946.1098513479475
982.6354245401878
937.6769967246171
940.9876543209888
947.4678760393058
929.2491811539442
934.3864953388774
926.4247921390792
921.6150163769221
930.6046863189731
924.9080372889911
934.7644242882345
938.8510959939542
927.9541446208124
930.1108591584793
952.8269085411955
935.8453010833975
936.1022927689608
925.666414714035
950.6424792139087
979.6699420508959
941.5142353237603
928.3497102544735
940.491307634166
921.0254472159247
955.7117661879577
931.1186696900993
957.8584026203084
942.2675736961465
921.6855631141359
931.3277903754105
948.2690854119439
978.4278155706739
960.9725371630147
969.9848828420269
963.9355001259776
954.252960443438
945.52028218695
910.2418745275901
952.758881330311
904.7619047619062
944.9533887629137
936.2836986646527
963.8473167044606
928.0851599899232
939.4305870496358
940.0604686318982
936.9463340891924
963.0939783320747
959.5338876291272
951.6477702192
918.3950617283963
972.4792139077863
937.2612748803238
959.8513479465872
942.2826908541207
952.4640967498125
953.8926681783838
949.3575207860932
973.2375913328306
922.4464600655089
953.701184177376
941.8896447467889
935.0692869740502
946.6994205089455
952.4439405391802
909.2642983119184
949.7354497354511
917.0068027210893
952.2272612748815
951.4739229024954
946.2383471907297
980.7457797933997
968.6117409926942
951.8972033257759
935.5303602922663
923.320735701689
972.8571428571439
929.3650793650806
937.1227009322256
965.1448727639217
940.297304106829
959.7077349458316
943.0864197530876
928.2464096749823
956.1703199798445
931.8190980095756
951.6578483245162
955.3791887125234
933.2325522801725
915.1952632905025
944.7996976568419
955.9032501889656
962.9654824892935
950.2191987906286
917.3696145124726
948.4857646762422
933.8145628621832
977.8558830939799
924.3562610229288
937.7173091458819
951.8795666414725
907.2637944066527
971.1766187956677
944.7921390778547
958.1884605694141
941.3958175862952
942.0382968002028
910.6248425296054
927.8936759889151
941.9223985890665
931.6124968505933
941.0632401108603
965.4925673973307
951.0531620055443
970.4560342655593
929.5565633660883
949.680020156212
939.9848828420268
994.260519022425
957.2587553539946
913.766691861931
938.3219954648538
932.0660115898223
932.0382968002028
908.0448475686583
948.8309397833217
977.2033257747556
952.0080624842543
909.4532627865972
950.7231040564386
936.1249685059221
972.1138825900744
940.6727135298578
962.6631393298071
947.4174855127247
964.7795414462091
937.8432854623338
941.6906021667938
972.3431594860177
931.5822625346448
948.9191232048386
958.367346938777
918.9720332577484
941.8216175359045
966.1652809271868
929.5036533131785
950.7130259511224
958.8914084152195
954.9307130259524
949.4079113126745
933.5978835978849
969.5036533131785
926.7850844041333
956.8556311413467
961.2043335852873
926.7699672461587
906.278659611994
935.170068027212
939.428067523307
911.6830435878068
948.8561350466124
962.1743512219715
941.3681027966753
938.0473670949875
958.135550516504
938.2186948853629
928.8032249937021
961.3378684807271
966.2156714537681
929.2088687326793
950.6248425296058
916.9085411942567
924.4318468128004
966.4424288233822
910.1335348954411
943.4794658604194
961.5192743764185
916.2559838750325
947.4779541446221
969.634668682289
943.2199546485274
920.8742756361816
921.8140589569173
948.4656084656098
950.0831443688598
927.8407659360054
963.5273368606718
935.1221970269602
958.3824640967512
927.2033257747555
975.3590325018911
950.6147644242895
939.9370118417747
957.813051146386
915.9989921894693
963.6457545981368
947.5182665658871
953.5827664399106
962.5799949609484
929.7959183673481
968.9040060468648
966.5180146132539
957.5081884605708
968.1607457797948
937.2965482489304
942.2776518014626
926.366843033511
922.60267069791
950.4484756865724
963.6482741244658
950.6953892668191
945.7722348198552
921.7107583774263
911.8619299571693
943.9606953892682
912.9276895943573
957.9692617787865
947.4023683547508
925.928445452256
958.1179138322007
945.668934240364
902.4036281179148
972.0685311161512
936.611237087429
920.244394053919
958.1859410430852
920.8818342151684
951.703199798439
945.8453010833973
959.3827160493838
939.1836734693894
911.7989417989427
945.873015873017
918.4933232552289
943.1947593852368
921.7737465356522
932.3356009070308
947.1504157218453
947.9113126732186
908.7855883093989
921.0733182161766
936.7321743512231
950.7306626354258
947.4023683547506
927.0244394053932
951.5243134290765
908.9166036785093
954.6787603930475
958.8762912572448
967.2159234064007
957.3192239858919
918.027210884355
929.3373645754607
937.8810783572699
932.3129251700694
960.907029478459
930.2695893172095
942.9780801209382
929.2088687326795
936.1652809271868
978.9669942050906
930.0251952632916
935.5958679768213
938.1632653061237
941.8065003779301
963.3383723859927
964.6611237087442
912.5170068027223
