0.7612847222222213
0.7832837301587291
0.7711309523809518
0.7710813492063485
0.754315476190475
0.8003968253968247
0.7835813492063484
0.7663938492063482
0.7782986111111102
0.7821924603174594
0.7807539682539671
0.777480158730158
0.7626240079365068
0.7573908730158726
0.7651785714285705
0.7574652777777772
0.790104166666666
0.762028769841269
0.7846726190476183
0.7856150793650786
0.7636160714285701
0.7766617063492054
0.7662450396825392
0.7683283730158721
0.7686507936507928
0.7848214285714276
0.7742807539682529
0.7938244047619036
0.7922619047619033
0.7629464285714276
0.7906498015873005
0.7601438492063479
0.7680803571428564
0.7861359126984112
0.7748759920634913
0.7621279761904753
0.7824156746031734
0.7929315476190465
0.7983630952380938
0.8143849206349194
0.8067956349206337
0.8071180555555545
0.7986855158730146
0.8113095238095224
0.8098462301587289
0.798115079365078
0.7989831349206338
0.8113095238095229
0.8076884920634907
0.8141865079365073
0.8086061507936493
0.8004712301587287
0.8186259920634908
0.8056547619047603
0.8155257936507924
0.8262896825396812
0.8153273809523801
0.807217261904761
0.8172619047619033
0.810540674603173
0.8126984126984117
0.7969990079365064
0.7917906746031727
0.7970238095238082
0.8141865079365065
0.781398809523808
0.7944196428571418
0.8116567460317448
0.8043650793650782
0.7932291666666653
0.7968005952380938
0.8208581349206335
0.7897073412698399
0.8062748015873005
0.7914930555555545
0.821602182539681
0.8302083333333325
0.7994791666666653
0.7952628968253959
0.7949652777777768
0.8032986111111104
0.7909226190476182
0.7940476190476179
0.8145337301587291
0.8045634920634912
0.8175099206349193
0.8038690476190463
0.8219742063492053
0.8168154761904743
0.8112351190476177
0.8239335317460305
0.8335565476190467
0.8322916666666652
0.8250496031746015
0.8183779761904747
0.8313988095238083
0.8239583333333321
0.804662698412697
0.8003224206349197
0.8235863095238083
0.8285466269841258
0.8295386904761891
0.8251488095238082
0.8068948412698396
0.8053571428571421
0.821254960317459
0.7984374999999987
0.8029265873015858
0.8081349206349192
0.8215525793650784
0.8154265873015863
0.8107142857142844
0.8047371031746019
0.8131944444444431
0.8279017857142841
0.8236855158730145
0.8168402777777765
0.8136408730158716
0.8235119047619034
0.8136408730158716
0.8262152777777766
0.8010168650793638
0.8003224206349189
0.8045882936507925
0.824181547619046
0.8030505952380943
0.8137152777777764
0.82924107142857
0.8379464285714269
0.8082341269841254
0.8283730158730146
0.8079117063492051
0.8100694444444427
0.834424603174602
0.8277281746031734
0.8262648809523796
0.8223710317460302
0.838318452380951
0.8239335317460303
0.8247767857142844
0.8300099206349192
0.81986607142857
0.8298859126984118
0.8054811507936495
0.8195436507936493
0.81612103174603
0.7992559523809512
0.8199404761904755
0.8058779761904752
0.7928075396825385
0.8139632936507928
0.8070188492063481
0.8125248015873003
0.8157986111111095
0.7942708333333323
0.7968749999999986
0.8189236111111098
0.8217757936507925
0.8037202380952367
0.8300843253968245
0.7915426587301576
0.7953124999999988
0.8231398809523794
0.8243799603174592
0.8130456349206335
0.8077132936507928
0.8282490079365064
0.8204117063492053
0.8239831349206337
0.833134920634919
0.836755952380951
0.8237351190476179
0.8233878968253953
0.8334325396825382
0.8438492063492049
0.8322668650793634
0.8369791666666648
0.8371775793650774
0.8389880952380934
0.8366815476190458
0.8503472222222206
0.8483134920634907
0.8427331349206334
0.854166666666665
0.844816468253967
0.8333829365079347
0.8284474206349189
0.8505952380952366
0.8421130952380941
0.8326884920634904
0.8266369047619033
0.8388640873015858
0.8411458333333317
0.8517609126984109
0.8486607142857124
0.8520585317460301
0.8580605158730144
0.8515128968253951
0.8524801587301571
0.8527777777777763
0.8749751984126967
0.8731398809523792
0.8665674603174583
0.8533234126984108
0.8705853174603154
0.849776785714284
0.8680059523809507
0.8764384920634904
0.8617311507936491
0.8662450396825379
0.8618055555555536
0.8587797619047599
0.8631944444444426
0.8666666666666647
0.8733630952380934
0.8559027777777757
0.8659722222222204
0.8652777777777759
0.8552083333333315
0.8741319444444428
0.8725694444444427
0.8703124999999982
0.8557291666666648
0.8736111111111097
0.8623263888888872
0.857291666666665
0.863715277777776
0.8611111111111092
0.8532986111111095
0.8656249999999984
0.8585069444444424
0.8592013888888873
0.8645833333333319
0.8715277777777759
0.8565972222222201
0.8578124999999986
0.8579861111111089
0.8609374999999985
0.861979166666665
0.861979166666665
0.8652777777777765
0.8640624999999981
0.8602430555555537
0.8564236111111093
0.8677083333333319
0.8522569444444429
0.8588541666666648
0.8651041666666651
0.8475694444444426
0.8604166666666647
0.8651041666666652
0.8633680555555537
0.8664930555555537
0.8657986111111089
0.8618055555555536
0.8684027777777757
0.8725694444444431
0.8828124999999984
0.8501736111111093
0.8624999999999982
0.8723958333333317
0.8713541666666645
0.8624999999999982
0.8788194444444427
0.8531249999999981
0.8512152777777758
0.8614583333333313
0.8562499999999985
0.8722222222222205
0.849652777777776
0.8557291666666648
0.8626736111111096
0.8644097222222203
0.8671874999999983
0.8663194444444426
0.8565972222222205
0.8725694444444425
0.8555555555555535
0.854687499999998
0.8638888888888872
0.8703124999999984
0.8557291666666648
0.8616319444444428
0.8736111111111091
0.863715277777776
0.8657986111111092
0.8489583333333317
0.8602430555555537
0.8663194444444426
0.8718749999999984
0.869791666666665
0.8595486111111093
0.8680555555555536
0.8737847222222205
0.8656249999999981
0.8666666666666645
0.8715277777777759
0.8675347222222204
0.8598958333333315
0.8657986111111095
0.8751736111111095
0.8732638888888868
0.873437499999998
0.8803819444444426
0.8758680555555539
0.8753472222222204
0.8680555555555537
0.8619791666666651
0.8576388888888871
0.865451388888887
0.8741319444444426
0.8611111111111094
0.8671874999999982
0.8854166666666652
0.8697916666666651
0.8654513888888873
0.8697916666666649
0.853298611111109
0.8689236111111092
0.8593749999999984
0.8663194444444422
0.8645833333333316
0.8697916666666647
0.8706597222222207
0.8637152777777761
0.8645833333333315
0.8680555555555537
0.8749999999999983
0.8680555555555537
0.863715277777776
0.8802083333333318
0.874131944444443
0.8611111111111096
0.8663194444444425
0.8637152777777758
0.8767361111111094
0.8576388888888872
0.8576388888888868
0.8628472222222203
0.8715277777777761
0.869791666666665
0.861111111111109
0.8732638888888868
0.8663194444444424
0.859374999999998
0.8706597222222208
0.8732638888888871
0.874999999999998
0.8723958333333318
0.8715277777777761
0.8689236111111092
0.8663194444444428
0.8619791666666645
0.8697916666666654
0.8663194444444428
0.8697916666666647
0.8619791666666647
0.8776041666666649
0.8697916666666649
0.8732638888888871
0.8671874999999983
0.8611111111111095
0.860243055555554
0.8706597222222205
0.8689236111111092
0.869791666666665
0.8645833333333313
0.8723958333333316
0.8715277777777759
0.8663194444444425
0.8749999999999982
0.8758680555555536
0.8663194444444426
0.859374999999998
0.8715277777777759
0.8611111111111093
0.8619791666666645
0.8723958333333317
0.853298611111109
0.8585069444444426
0.861111111111109
0.8628472222222204
0.8628472222222203
0.8697916666666651
0.8663194444444425
0.8663194444444428
0.8776041666666647
0.8619791666666647
0.8524305555555536
0.8611111111111094
0.8602430555555536
0.8689236111111095
0.8663194444444426
0.882812499999999
0.8593749999999984
0.8585069444444425
0.8749999999999986
0.8680555555555538
0.8697916666666649
0.8645833333333314
0.8706597222222204
0.8706597222222203
0.8654513888888871
0.8654513888888871
0.8706597222222202
0.8671874999999979
0.8697916666666649
0.8593749999999978
0.853298611111109
0.8697916666666647
0.8784722222222205
0.8741319444444426
0.8810763888888872
0.8541666666666647
0.8697916666666647
0.8628472222222203
0.8585069444444431
0.8706597222222208
0.8645833333333314
0.8723958333333314
0.8637152777777758
0.8654513888888872
0.8645833333333313
0.8619791666666651
0.8741319444444429
0.8585069444444424
0.8628472222222207
0.8645833333333317
0.8637152777777757
0.8793402777777759
0.865451388888887
0.8706597222222207
0.8802083333333317
0.8758680555555537
0.8515624999999981
0.8732638888888868
0.8741319444444428
0.8706597222222203
0.8680555555555537
0.8585069444444428
0.8715277777777757
0.8663194444444426
0.8663194444444426
0.8715277777777761
0.8567708333333316
0.8741319444444429
0.8619791666666647
0.8567708333333315
0.857638888888887
0.8611111111111094
0.8767361111111093
0.8671874999999984
0.8654513888888871
0.8593749999999979
0.8671874999999982
0.8593749999999983
0.8654513888888867
0.8680555555555536
0.8706597222222203
0.8732638888888871
0.8671874999999979
0.8680555555555537
0.8671874999999984
0.8593749999999981
0.877604166666665
0.8697916666666649
0.8723958333333314
0.8645833333333315
0.8671874999999983
0.8671874999999984
0.8637152777777759
0.8741319444444425
0.8697916666666651
0.863715277777776
0.8585069444444426
0.8706597222222203
0.8732638888888871
0.861979166666665
0.8680555555555539
0.8663194444444429
0.8645833333333316
0.8645833333333315
0.8585069444444425
0.8828124999999983
0.8697916666666649
0.8689236111111093
0.865451388888887
0.8723958333333318
0.867187499999998
0.8706597222222208
0.8680555555555538
0.8784722222222205
0.869791666666665
0.8697916666666649
0.8611111111111094
0.8637152777777759
0.8689236111111094
0.8758680555555538
0.8767361111111094
0.8689236111111095
0.8654513888888873
0.8671874999999981
0.868055555555554
0.8654513888888872
0.8923611111111094
0.8732638888888873
0.8680555555555536
0.8567708333333313
0.8689236111111094
0.8671874999999981
0.8689236111111093
0.8611111111111094
0.8715277777777759
0.8741319444444425
0.875868055555554
0.8689236111111093
