攻击正常，动作空间20
74.81968167872014
79.58262158484914
75.01620872598437
74.98732536160425
71.78097053290962
76.50178524682606
73.71285434472932
75.6185078347578
73.85447850463875
73.05051770582217
73.79414749068594
76.5092460643582
78.16247174089831
75.8361993206224
75.31413183030172
74.4939844948499
71.9298157736139
76.18321083534225
75.79607024800936
74.19474222003069
75.64890180984735
75.31495242530501
75.72621498100663
77.11196425962453
76.12806966359852
77.13752894659947
76.42444439878737
73.72129296332817
73.57078904594931
73.6343165589159
74.84024308706273
75.00347875118709
76.65927893746805
77.00234389838558
74.69685148659505
77.98075083095917
75.36321868572159
81.11444786872673
74.45441202790563
74.52467269295066
75.10406781905179
79.06668013551025
83.10120046204982
76.41783983445114
75.16788589378335
71.78077939079397
76.78815595551173
79.16064495215137
80.30189358243845
74.54269974979911
75.41843742887306
76.26929386733875
79.64991508921396
79.84335470085465
77.455474285923
78.90592177113011
75.52504718793034
75.55048118014463
77.66081338118195
78.12960694946672
76.51445512820509
75.52170515559939
74.3572883793557
76.1686574074074
80.94127145883559
76.00892224271888
78.48284895719193
77.57869101103073
78.62270668967787
76.86627648111622
77.83870635181532
79.80347592044707
79.4921612699978
75.50926414456865
77.2038343158288
74.86531861937159
76.64192582889513
81.31752721162972
80.03885118754111
77.33986033494048
77.94162826904817
75.75323448571847
77.95532275982886
79.62636350467497
77.12620184430901
76.20387083131843
78.69358841953392
75.83750632331925
75.87269870081788
78.4305235054055
78.71002784818776
78.327362549121
76.14891802953106
75.3733770788695
79.0008752465483
80.71983322603913
76.29782531822997
74.33468022637166
74.31914329023303
79.28404394039009
81.14691965264079
77.48946535539487
79.63776074768063
78.71227198808056
77.97177767048359
73.87510628972169
75.40781895783789
76.99407631127183
75.29158179012349
75.6840141719629
74.63866516911388
72.69631259701193
76.35860439951784
83.26936340309736
74.60742845532913
75.16797118124043
73.68157012473519
78.38851326795238
78.35789854079918
73.54539886039886
80.22360376031853
75.77073567280301
72.2417391244795
75.22494224377238
77.45419333041127
77.31221007743444
76.42416940609249
72.93960771422314
78.49416493169697
77.2380847304405
78.4638360179706
77.80590341697713
76.63640801921252
76.2349240265907
73.1324214241361
77.22133205721747
79.86047807546204
74.3523906969099
75.80417150631897
76.83452402476439
75.37863389400249
76.95253716487687
80.25675980714442
78.80562655234131
76.00089868005338
75.91157927898313
75.36550526426328
80.05319969501056
79.96273353605083
76.02239759113158
79.4882416780319
79.55628431130837
74.33225559756008
76.54093414420335
79.55890829315508
76.33425461364963
73.50327178756666
76.94463049711446
75.8708089067865
76.43526435459125
78.96819138541893
81.0158026061071
78.7795824201914
75.44884754638761
77.45604362992184
79.49882423843962
81.233557372708
79.59618461903719
81.42707876762364
70.437796337199
73.43840455953652
81.37144431660455
81.4016447170173
75.59271285338596
78.8417364307108
75.57429304551098
75.88322567389872
79.18977066440209
79.11003556687848
81.6468049163562
77.0530191668493
77.67381652239023
79.78094144933887
78.73488138286213
80.64855257871281
76.32653138468844
74.85950370735627
76.60778553948424
81.43779225107751
80.25501438198555
81.75094966761633
76.92617051099423
78.26574722404848
78.04615626597997
76.22204534662866
81.11241421031482
80.96971455182994
74.05805286178685
75.31932203776755
77.23718286580464
81.49648988238732
83.31127328247814
75.2941868471035
76.14164109869239
80.37199384542333
74.24458862955655
81.63826731317113
82.56165073233984
77.73432906896049
77.92593418986047
77.972898449485
80.66147166520561
83.45782402841698
81.90243379720944
81.05288475235591
80.91270175871136
77.13419365001096
79.47497324494117
80.95412781247717
81.38162411425232
79.97363165680474
76.85272600262984
83.86990398312516
81.27161448060485
79.76614129045218
80.9239820293666
80.45857207429324
80.74832287785814
78.74638030535469
81.34988800314119
81.39281151837241
78.53897449594562
76.64000593542262
79.39876164255972
77.75402138578424
79.5368124497772
81.1234665607422
81.98079046131932
79.63463277996932
75.20772860508437
73.8350653809628
77.76802806998316
76.38075722295272
79.2922765085105
79.57214615749872
77.67919515669517
79.48750817262035
80.38548086054493
78.85686532069543
79.83756058696764
78.9057253542991
78.10114854993063
79.4198599240266
79.41330749141645
81.71876246438747
80.95678131163709
77.69110809774271
78.80070973957193
78.37832415625684
82.72474422894291
79.7132382752575
77.3501237763898
81.97049012893565
83.52205379319162
81.29537612316457
84.01397550040176
81.97359987946525
84.76927733946965
84.11826640002924
82.07795031594709
81.51120899992694
79.6481563664256
81.80605828584993
79.57142262948355
77.61155380232303
79.24434705785666
77.03068417159761
81.23230988384836
81.75012843341369
80.0365094236248
82.40030197603916
80.45427423478704
79.44158169880926
81.34318896559277
80.46924423807434
78.78792798962668
81.23911183249326
82.02193663708086
80.41861339396597
79.83730362882604
83.76376995215135
83.74067933194537
80.73877387866169
82.86829717291259
80.80327973190153
82.48695531083351
83.56243502995105
83.95489658667546
81.65650353385931
78.98546583936007
83.61146207721526
83.90730970121993
82.01391436554897
80.43557970815982
81.63076160603406
82.39682299656661
83.08402134012714
83.75770235225362
87.00436518372413
82.60911361312002
78.51607358097743
77.9695598655855
82.83565947110819
83.40822046898968
82.99644299254875
81.41520002374169
80.08224792716778
79.89925492183504
81.7881067371612
85.55537502739426
84.86008072174737
83.84796387610493
84.19683687632407
84.07444042661992
82.91257382752573
86.74303720140256
85.60374538863321
81.88531138140111
83.84914087040691
83.10471898056834
85.51211908284021
82.01009145116515
88.04224728796842
83.45470272664184
81.45306797428591
82.44565043100299
85.00881181970924
87.77567513149243
85.11170533822776
81.11278211520202
80.85662379465262
81.2103506465045
83.94924711447146
82.88647235006205
84.87465766308712
81.31689709803493
80.43169209766964
83.69428181386516
88.35705146467964
82.69578032544376
84.13694736649863
82.8408423734385
80.5372346409526
82.1347932190079
86.26872406676894
81.76254976623567
82.77117320476293
82.7182236649865
81.69651444590546
79.81035402512966
82.86603102856303
85.44492457447586
79.1756442672949
82.18306076046464
82.98302683724158
84.71750214588356
83.75547675140622
86.53585867302213
83.25356568229965
83.91270363065237
82.2786245799547
85.33214647709839
82.26486923807437
82.97405252392431
79.81275732339839
86.46166703192345
79.47532302396087
89.3121163434144
87.61181747205785
86.24950964277888
78.79287758419169
81.29756218496603
83.55885944006135
86.04508884871063
84.19881268719409
87.22494434399884
82.24627803345754
78.85408886697348
81.27018194353131
83.17155206735335
83.15032621995763
83.37823654028782
81.35097290707867
82.33369480056982
80.55632432975379
83.31579338337352
84.49921195850682
82.66043223573674
83.1830377949449
84.5183745616919
81.60428405106288
85.82630775622762
81.87963739133608
79.06261966725106
82.54971719994157
79.1602565928848
84.7973101577909
87.90121187632403
83.5716886733874
85.03756930747315
83.48876771495365
82.78030398495143
80.74002698334426
79.93053569471839
83.99757921506317
81.21208237453432
80.935884514939
83.0822988348309
84.03075877529405
83.59034626342317
81.22386902805172
82.04182409233692
85.06392655599389
81.77527156841258
81.40150627328511
85.40622991087736
87.1392058861129
82.05360513003143
83.07818193439985
82.39774074987218
80.85011806925264
82.18754501789756
86.29923624808241
83.23270048031264
81.99316344327562
80.64669835269193
82.1041048926145
85.75361435276496
79.97730467893928
81.44561194207026
84.91299451201695
82.57883469391483
83.56455274307834
83.49541977134922
80.46548574585434
80.77226920337499
77.85262231536272
82.31024581780993
82.93967026444591
82.67476737709107
81.60544702863614
84.37086652604279
79.60717428227044
81.6464046862444
84.71259761487326
82.2543467839141
83.1464870059902
82.77546049747973
83.21706502483751
81.75979632369052
85.61556171926362
87.68109873803783
84.48436655343704
80.97205347359194
76.76051345971214
81.29837227883701
87.61701041894952
84.86425798086053
80.62415173679598
79.18944727518446
81.6234415863102
81.03260145006938
83.06117452881871
83.67045657096938
78.34572622178388
81.39853038936371
79.09283809080283
83.63650864745412
82.97675734166117
82.64918566001899
81.43390719738476
78.03764523522537
81.75977623456791
78.43468752282853
79.11284137811379
84.10227879136532
79.48303738403096
82.19327781430344
82.61975395390459
84.9586020253488
83.87805245087294
84.89366325151582
78.73897714405726
77.08871539192053
78.18118630834975
80.91548684162467
83.47716944261815
82.18159831799252
80.48841579005041
78.17350148842138
77.34976692052011
79.73330867850096
81.69824968953174
79.4941092300387
77.57647002155014
82.56006615713348
82.38089597487031
82.75947686098323
78.67947037767549
82.4502286050844
81.59110522134564
76.30514582876759
77.42616402768641
82.39257501461024
80.09289292497628
79.2635547245964
81.70757373621157
80.11117886624298
79.85380976513984
83.80528690919712
84.13134423624808
81.24331214844037
79.79337533786253
78.93571850573453
82.82914762765719
80.29034507633864
81.83768317627292
82.78062787639712
80.36390039447733
76.8450203174081
81.29190892322299
82.21174492293079
79.66505538205857
81.22731317115932
75.48609887500915
76.71149234787052
77.7717132369055
83.48487722806632
82.139744731171
78.40054468916651
81.01147572868727
80.82644454489005
79.51294643509385
79.27543639053253
85.09185185185186
79.39360983271239
81.89501241873036
81.21176962342024
81.04582630214034
79.9381228084593
82.23729577580539
80.54171040616552
80.49146203155817
81.33126264701583
81.32787114654097
80.40481833041125
78.74200694901018
78.41149842026444
77.76400134231866
82.80621525494921
78.35845418766888
80.35188125502225
81.96699156256848
81.13635784206296
75.82072562824165
80.11482221126451
78.2839705237782
83.68674044853528
79.70064490649426
77.57542999853898
77.95895627876395
77.97169830703481
82.67527334903936
80.22537922784716
81.1876684290306
75.42768249141645
78.25409895719187
76.76620283621885
82.39363791182697
81.06441216487687
80.60259989772811
79.06110631711594
78.90865644860835
79.5514045492731
85.27896043355979
82.03778366754328
79.852159945942
79.64790616553438
78.55063696215937
76.52392815399222
81.65381003908246
79.11024910512087
75.07585301154211
80.99438545547518
78.38758898568193
77.64156398385562
81.94652869091968
79.59000999890421
80.69968405288917
80.08817490320696
80.10156868653662
78.31108029257065
82.8019175067572
79.79299012893564
74.9477029457959
76.7814719848053
80.95429126488422
80.04497333625534
77.89820453466282
82.041667305866
80.18158147052377
74.3056812038863
79.46971131017602
78.25974075900356
82.41039077909267
79.33383757031194
76.50130871502667
79.36859736832493
79.90196494448097
76.71786831580098
79.93788977463655
80.3869196982979
76.45900545145739
80.7393612572138
82.02078671743735
77.74024024764408
81.08867443750454
79.38897741799984
78.10284900284901
82.08381286982245
77.31980458762504
81.58948795565779
81.11526440024838
76.6527654503616
74.83923204762948
76.37573160932133
78.39939449558035
82.403692563372
79.80528462634231
80.20413772006722
78.99815686865365
76.59162626013587
77.80901033676672
79.37878332968074
83.32643851815322
77.92466126999781
77.33929085397034
78.69708799035719
76.58304879830519
80.18633250237413
82.46980189385637
81.24903325662942
76.11185888304479
78.09321220505515
78.49887669844396
80.12521344692816
76.63989270582218
79.42546597633135
73.3985171944627
76.6366330630433
80.10550017349692
78.5071341496822
77.83132209255606
78.46007583643804
77.75773239462343
75.15146595806848
79.74863279823212
81.37430633172617
81.90377091095039
77.17936664475125
76.87968551391627
76.48781854956533
78.77332849368102
81.46542999853898
79.456178409672
76.89255921725474
75.69678341186355
75.09838346482573
78.49904846044267
82.64665506976402
78.07731244064577
74.52135496566585
78.07898298816569
77.21610686500107
77.22333337899039
75.49780521769303
76.70433276718533
75.81741325151583
77.26889016728761
79.40251205347357
79.2745072229527
77.30636021623201
79.94237709109505
74.64294351303968
79.36688139199354
77.51826274746142
78.90563645993129
76.95951763277081
78.61486978595953
77.40415292388047
77.33500602673678
76.59764167397175
80.26527197932644
81.85882414712542
76.134941604573
76.20775700379865
77.42255766491346
78.6593805245087
77.45877113923584
79.52543164219445
76.69628378625174
73.41248707904155
78.03906818430853
78.50379981189278
79.99745516473077
80.1954950599021
78.63586533895828
73.19965574548908
79.5359172967346
74.81569124844762
79.67687006903348
77.79487216012855
77.00477093834466
76.15784507633866
77.9648241288626
79.10715592811744
79.67177770472641
80.83299729709987
80.95971382131638
76.58212401380669
77.05330927204322
77.99273449484986
78.82875821827744
77.37615151764189
77.09072836766745
79.19195133866612
77.79863042406308
82.14665639381984
82.90925355212214
75.64814024947037
77.2242857860326
76.11614896084446
76.08587195923734
76.86672072466939
80.36510218058295
79.02835853605087
77.72643760501134
74.56732942508583
75.81518061947547
80.59227258200013
78.6838020947476
79.19650809956902
79.78833625538755
75.62322156476003
77.43305870589523
79.515867576156
80.35269751260137
72.79274198261378
77.99924446635987
76.49790420227922
76.95990667689385
78.6896908101395
78.1399372671488
77.61710520308279
77.18981230367449
76.36403604171232
79.620312751114
80.60424432938854
80.28982075023742
79.18898285119442
76.56282138030537
76.14138190335304
78.2894057272262
80.90389518956826
79.4138066148002
75.0140944371393
75.48303085506613
75.71129547446851
77.31076740448532
82.16532480458761
78.44000913141942
78.51548601979694
75.49582776316751
73.97348911534806
76.05313755570165
79.74264578311052
78.80510081087003
76.3457686828841
78.08128839761855
77.69065330740005
80.21689513477975
80.9104965209292
77.79345825115053
76.0863574768062
74.16627638980201
78.12158877565929
79.27208926875592
80.01281763642338
76.66230271568413
73.79473678683615
75.91917885711156
77.77191001899332
80.0163062038863
81.18640144459053
78.30617589853166
77.57134565161809
78.2783663434144
77.5254605887939
79.69604878917373
78.68655065198332
77.65301017240118
73.90837620534737
77.29185870041637
75.26305802103876
79.12320750237413
79.58633254803127
78.38275577105705
79.02029202279203
72.91052902878225
79.46282868544085
80.11074370845203
78.95919255424066
77.6708652933012
75.45236079151144
75.31028490028487
77.98155042369783
81.35813563810359
80.43406690590986
76.76615361786835
71.00651147819416
80.07617430053328
76.50501703009714
83.42201735882824
79.03069526627218
77.9452563645993
75.4882863978377
76.42384268390677
77.71444864489736
77.21238261560374
78.12193586091023
77.52756291547958
75.67423017568854
77.1921016874863
80.02683861129375
77.97759747790197
75.1809413580247
76.7385280608518
74.87293136825188
77.87501826283876
75.82771883446561
80.16482458543352
79.31826676528603
77.70849897728102
75.78819243553218
76.61014637665275
78.68726787931912
81.19564262363942
77.32063572941776
74.07112457995471
74.89464866863905
74.38512724632913
80.28885807034841
76.18886144897363
78.01905288918108
75.41946156585583
75.19747342756958
79.09712268975088
77.43656809299436
76.78263614946307
78.18075557929727
79.85066736978598
78.36814161918328
77.17460401599824
78.17843373328951
80.61983969793265
74.91412644276427
78.70014532653957
78.7316216944262
78.80487384944112
81.3309322266053
80.02857650303163
78.23119078274529
75.74111782270437
77.91877355906205
76.52547460552265
80.46745005113594
80.97360951311273
77.34728527467311
75.44913936372271
77.69306637628752
76.90199407370878
80.05878278179559
82.35803423369128
76.6339800661115
77.37892103148512
79.11484280261524
82.81407644824309
79.31712214186572
84.01076635437212
76.72044771349259
75.37496329169406
76.8704171688947
79.42631875958797
80.53330543684709
78.13423076923077
77.72107485937617
76.4182575882095
78.06401111293738
76.91660361421577
79.906115768135
78.21622694316603
80.51336716524222
77.61828744795093
78.85149709620863
79.70693741325147
77.75007976294836
78.89312988530938
78.10008779859744
74.92479422346409
77.63598107969904
79.81151325882091
80.2367524106947
80.40414018555045
77.27367735955877
79.05084392577983
78.82622228614211
78.61898691467601
79.86537365768135
80.02670611439842
77.30851048286947
76.96641308715026
79.8566553893637
79.5954946033311
79.11955525421871
77.83449845679013
77.97708716852948
73.94687513697129
78.21818796113664
78.94683938746438
79.82967756958138
78.58076439111697
76.24489781941706
78.64706018518518
78.98354623237634
79.3326996584849
79.00770901818977
76.17075014610273
76.05576293008988
76.9347490229381
79.27984531375553
79.44575553364014
78.60347459639127
78.69480586602383
76.3809277978669
78.62253670830592
81.44051528599601
78.59738343743147
78.24364553656218
74.58747625830958
77.77058263021404
78.62889760939441
79.10312929176712
81.62030512637885
77.19016199137994
76.8376018153262
78.85364731718899
77.8152801519468
76.93934577945792
77.10121502666374
78.43112585835343
77.46189664146398
74.48853595952956
76.89800916794503
79.68858408210971
78.3068733563445
78.11047191175398
75.3275553364015
76.85352874570822
77.30059244648987
81.6490451731317
80.79277033567098
76.88128077288333
77.60737138395794
77.74859289392944
75.18108673022132
77.91527882789096
80.42575000913142
76.51690138980203
76.93529015085106
80.3942735499306
78.38285201621738
80.59357650303158
81.09273536233468
75.95755277960406
79.30493548652204
78.92167401745924
78.9926729490832
77.60777412520999
78.25772084337788
74.9997394806049
