1145.6631253324374
1189.8481985386743
1180.1948433694463
1186.6320931664845
1178.4233896027545
1194.0463592844542
1170.4162117521903
1161.052795274488
1178.7728507040677
1203.771730914588
1180.7545981355506
1172.408527196887
1167.1635032613867
1204.6788303798885
1174.8490383807841
1178.085020016237
1185.8343131491272
1187.671963270905
1188.8586545729402
1169.2957923910305
1190.5127236079616
1186.7234259959127
1187.8954256599757
1180.005039052658
1170.7273732538285
1177.1496458665767
1177.1930377089107
1173.5283166764643
1167.6385039612549
1178.8080372889895
1175.3111615016376
1181.8723579966966
1170.3367066991402
1192.7737717309146
1154.6931076957528
1175.0403124212646
1176.3070406763527
1183.3245149911818
1174.2244757985497
1189.3718680887987
1158.0813807004283
1177.8041656168639
1192.6268161585622
1171.407978500042
1202.7521625934323
1197.3167044595614
1171.1430950981212
1171.6375521401974
1163.1015369110603
1160.4828924162257
1197.3700932224742
1180.234665882814
1159.288706923098
1178.728425855939
1201.654628929761
1170.927045715405
1193.8948965594468
1187.5521401976428
1190.6234427927545
1201.9690098261526
1145.3943058704958
1194.3525517202763
1195.8502001623692
1161.8769071414574
1159.1992805352593
1192.968195179306
1160.0592088687324
1156.738196019148
1172.7336860670196
1181.3800705467368
1212.971151423532
1183.7028470647517
1180.3399960807367
1177.157554379777
1183.4251560706584
1158.5906749531084
1177.6877047115138
1167.4949469499734
1185.939713333893
1179.5354973265028
1156.1533131771228
1181.9799305730521
1161.880675233056
1186.142176870748
1178.307860922147
1175.824008286442
1158.8869992441419
1160.570924666163
1169.033660871756
1190.163564849808
1171.0610705187426
1192.0895299683657
1176.0498726239468
1202.4956468183982
1189.5159709974525
1173.0619663503262
1189.3235155790712
1186.4274376417234
1176.8533747655438
1195.4920075025896
1167.7748775230257
1171.0693345651023
1174.398381904202
1197.5351361943958
1193.9682399708854
1182.915010777974
1199.8887433162568
1180.3574675960913
1169.0495786792083
1198.7598051566306
1179.8759329246104
1178.1150359732371
1174.8624674561183
1165.6363735617704
1224.7879398673049
1136.7828392262254
1169.9217575095881
1191.69094090311
1168.8140029674425
1212.7509028302682
1119.882704851488
1145.1121049242743
1180.7916967610092
1175.4187312785195
1207.2508300439517
1180.100629881582
1198.656042663979
1184.673704543546
1197.622412586434
1207.5675988914084
1181.2010302063215
1179.3083732258333
1185.4694045519443
1162.986954452563
1178.3708490803729
1185.2239578959152
1175.7736933456508
1192.0663615240335
1182.6530612244896
1196.5988494163093
1199.299834831052
1186.1409255060053
1157.418818062204
1189.0818426135884
1166.1742392430226
1162.4579379076733
1174.0035973237034
1187.189818314157
1158.0038352789675
1184.8391030486268
1120.2348058564987
1181.4201030206323
1175.0498334313145
1185.865230536659
1189.1194451443127
1181.6805940483187
1187.1413174323225
1171.8541614176534
1170.6449987402368
1177.962176310853
1169.366829036141
1179.6145124716552
1186.9499734049996
1168.6014361300079
1183.623708742756
1180.5351725875535
1170.6342907533385
1202.411676604798
1175.569412950365
1175.0375129475658
1169.7329302091205
1172.8076453626718
1149.5516306934296
1187.1091066879424
1186.7086587721506
1196.8411438649532
1171.757772738725
1182.6315752638504
1150.3623750734862
1202.59168276364
1203.2245737801288
1198.630077545421
1175.8663671229806
1192.104154418969
1157.710537219003
1189.1180258111474
1150.4817194367458
1155.3783488704123
1142.216553287982
1184.705705327398
1178.5651997424482
1190.2619607513786
1152.743892948126
1166.6719156798524
1194.328826180678
1149.9076173679346
1191.843383443913
1184.744399652865
1193.8355589149241
1172.3739536967048
1188.5934744268075
1173.1074158058286
1171.5156182637663
1182.0529128523842
1202.0465384507713
1192.110582010582
1190.5146132527084
1179.6034545505447
1176.168920242994
1182.871350186165
1166.2706643151087
1167.5575823745135
1169.1746339688139
1183.8854595336077
1181.0535819265979
1181.5149351921837
1199.0763024551386
1190.4506340807927
1173.578637216203
1166.5385795470447
1177.2876599199349
1176.2462557039275
1143.758766551888
1187.987447159934
1190.6600459113683
1172.7374485596708
1186.5935472131239
1173.180955180426
1190.5354693317656
1171.0730382688055
1188.5271101033004
1166.6167660479832
1161.9285406343606
1189.8170543937738
1156.7449819433944
1201.6314632849026
1134.0401304554744
1164.4357660759777
1177.1508356428988
1191.365583270345
1184.2647182329722
1175.7940707147052
1183.4258923322413
1160.7210044511633
1171.1885865457293
1197.2923322415381
1169.2482713249908
1150.1953696705018
1181.8798997788417
1164.856563366087
1167.7724587777495
1205.2851963830801
1175.437487752303
1198.3884829652025
1170.7824892920128
1169.513941379021
1179.7947453878671
1182.4263738417173
1183.7083760253072
1165.7443800565493
1181.9510064107944
1189.1830435878055
1206.9476470423563
1173.9647546261306
1195.7797234119992
1162.0110719184795
1195.4144620811287
1195.3794686598917
1175.4057837126622
1176.1943254668129
1168.2033509700175
1176.9381288317795
1206.1218190980098
1169.357310825565
1188.0032753842283
1189.2344839170237
1169.2092186668906
1216.5967498110358
1186.6361524033484
1191.151983427116
1163.457210044512
1190.0916127767978
1199.169186192996
1181.9177794574618
1166.1336468743882
1193.380924386215
1187.226001511716
1190.8553791887127
1180.738851095994
1175.7640463592843
1153.0120937263794
1178.5903250188967
1167.4521289997476
1180.302343159486
1180.0673973293021
1197.4099269337366
1176.9753086419755
1171.0556815318716
1199.7707231040563
1178.2130259511207
1173.7175610985134
1195.8440413202316
1195.9870244394053
1184.7499370118417
1196.116150163769
1174.3442932728644
1187.794154698917
1189.2006802721087
1167.9012345679014
1200.8453010833962
1173.0826404635927
1205.5114638447974
1161.075207860922
1194.7008062484256
1181.706349206349
1179.211388259007
1158.961325270849
1182.874779541446
1186.1268581506677
1188.308138070043
1168.752204585538
1167.7506928697405
1196.0594608213657
1181.8820861678007
1165.173217435122
1185.386117409927
1199.749937011842
1178.2294028722597
1194.1717057193246
1174.0457294028722
1185.8345930964983
1142.1699420508944
1161.835474930713
1194.8639455782316
1180.8982111363061
1162.9579239103048
1177.3740236835476
1192.5340136054422
1190.8182161753587
1174.1761148904004
1151.0078105316206
1195.208490803729
1171.8757873519778
1202.3053665910809
1195.2242378432852
1155.6601158982112
1176.0443436633916
1190.0321239606953
1157.0408163265306
1173.1815318720082
1189.2126480221714
1155.5668934240366
1186.2081128747795
1156.0739480977572
1167.5497606449987
1164.3927941546985
1200.962459057697
1171.9822373393804
1173.749685059209
1149.6289997480476
1185.439027462837
1192.0521541950116
1193.4952128999753
1181.3725119677504
1168.5878054925668
1158.0883093978339
1163.119173595364
1211.129377676997
1191.6880826404633
1181.258503401361
1193.932350718065
1181.5104560342659
1191.5822625346434
1173.1185437137817
1178.834719072814
1189.03124212648
1185.8793146888383
1194.1389518770466
1185.432098765432
1172.5302343159485
1158.850466112371
1198.9701436130003
1188.6035525321242
1181.1073318216174
1148.4876543209875
1193.4750566893422
1198.8233812043336
1191.8058704963466
1186.5835222978078
1189.378936759889
1158.1443688586544
1172.6102292768958
1190.3080120937263
1193.4032501889642
1184.1156462585034
1188.4889140841522
1176.0657596371882
1201.9381456286217
1193.346560846561
1188.3062484252962
1185.4232804232804
1209.89984882842
1166.3126732174353
1137.8772990677753
1214.5968757873522
1191.955782312925
1187.800453514739
1190.2998236331566
1189.1830435878055
1146.6654069035021
1198.1676744771983
1183.8410178886365
1176.1948853615522
1210.5454774502396
1205.0422020660112
1178.030360292265
1181.6761148904004
1169.172335600907
1204.9987402368351
1205.3691106072058
1208.7849584278154
1183.8750314940792
1172.6530612244899
1193.8454270597126
1193.1179138321997
1184.3247669438144
1172.9850088183416
1189.49609473419
1192.9698916603677
1168.8038548752834
1193.5682791635172
1155.3099017384734
1190.9800957420002
1173.949987402368
1158.2079868984629
1181.2881078357268
1154.486646510456
1189.7373393801963
1169.0822625346436
1175.0623582766439
1186.9123204837492
1154.121945074326
1190.3521038044848
1151.8461829176115
1165.201562106324
1203.7944066515497
1175.218568909045
1183.6067019400352
1185.7791635172587
1200.207860922147
1160.5095742000503
1180.7514487276392
1194.58238851096
1183.8605442176868
1205.7879818594101
1183.8668430335094
1156.1671705719325
1175.7728647014364
1150.5555555555554
1199.334845049131
1196.4934492315442
1168.493323255228
1169.3556311413454
1173.0769715293522
1211.8153187200805
1196.2018140589569
1185.7684555303606
1184.9672461577225
1183.6363063744018
1191.2301587301588
1136.626354245402
1184.5874275636188
1185.137314184933
1168.831569664903
1177.0653817082389
1194.4129503653312
1160.5574452003027
1168.946837994457
1180.1858150667676
1169.8859914336106
1167.1201814058957
1182.3740236835474
1194.5294784580497
1187.9497354497355
1158.4410430839002
1174.6031746031747
1186.4884101788864
1186.0594608213653
1227.3601662887374
1199.925673973293
1200.3420256991685
1179.814184933232
1175.5719324766944
1175.6834215167548
1195.36470143613
1192.0609725371628
1171.0808767951628
1184.4242882338117
1183.2426303854875
1156.3259007306626
1192.5768455530358
1180.8049886621316
1143.22373393802
1179.0532879818595
1181.3964474678755
1174.491685563114
1172.6152683295543
1197.9724111866967
1172.2537163013353
1198.6759889140842
1196.335978835979
1178.9569160997733
1192.9994960947342
1182.9692617787857
1166.0090702947848
1186.4663643235072
1179.2517006802718
1178.1405895691607
1201.591080876795
1166.778785588309
1169.5068027210884
1157.7632905013859
1180.3615520282183
1177.5963718820858
1184.1660367850843
1162.270093222474
1176.0103300579492
1162.6152683295545
1173.6766187956666
1192.1863189720334
1186.4632149155962
1165.0069286974049
1167.7317964222727
1184.4664902998236
1186.1633912824384
1216.6912320483748
1198.0253212396067
1157.7928949357522
1170.3615520282187
1152.6171579743009
1196.4525069286972
1185.8131771227008
1190.2047115142354
1174.7379692617787
1161.6584782060972
1162.1056941295037
1172.4911816578483
1149.3247669438144
1176.0078105316202
1183.812673217435
1177.833837238599
1180.4617031997984
1196.4902998236328
1157.709120685311
1158.5279667422528
1174.659234063996
1192.4332325522807
1169.142101284958
1182.418115394306
1153.5159989921897
1180.2796674225247
1192.200806248425
1177.653691106072
1187.3003275384228
1146.7208364827409
1171.383219954649
1164.6170319979842
1132.8647014361302
1205.8144368858657
1156.886495338876
1174.5975056689347
1172.7979339884098
1203.3421516754847
1188.990929705215
1179.7209624590573
1190.7911312673214
1173.6608717561096
1195.2828168304356
1163.3629377676996
1166.3208616780043
1181.6150163769207
1182.1579743008313
1176.31960191484
1195.4837490551777
1143.7144116906018
1188.628117913832
1154.6844293272861
1195.8849836230788
1190.2865961199293
1182.896195515243
1197.2896195515248
1195.3565129755602
1172.8332073570166
1192.468505920887
1170.3306878306876
1165.4446963970772
1172.4074074074078
1189.3121693121693
1190.6953892668175
1174.2183169564125
1169.9363819601915
1179.9055177626603
1185.5864197530866
1169.227765180146
1175.9479717813051
1170.1127488032248
1189.7833207357016
1156.4153439153438
1191.495968757873
1163.818972033258
1185.970647518266
1188.424036281179
1176.843663391282
1169.5893172083647
1170.9555303602924
1202.4193751574705
1174.9313429075337
1158.5600907029475
1181.487780297304
1180.088813303099
1173.022171831695
1177.7733686067018
1151.5154950869237
1174.7323003275383
1181.5444696397074
1164.6579743008315
1178.5235575711765
1162.0792391030484
1196.373771730914
1183.1393298059966
1208.4057697152934
1198.0486268581506
1174.062736205593
1196.0191484001007
1158.269085411943
1160.3930461073319
1169.6050642479217
1172.0679012345684
1200.324389014865
1183.7931468883849
1193.2791635172587
1170.566893424036
1191.3989669942048
1180.6664147140339
1161.1873267825647
1173.1966490299826
1197.5963718820863
1180.6305114638444
1161.9280675233058
1185.5467372134042
1166.2112622826903
1172.0527840765935
1198.2665658856135
1194.44318468128
1176.720206601159
1206.9299571680524
1204.0274628369864
1190.7753842277652
1189.1855631141343
1174.2611489040062
1149.944570420761
1192.080498866213
1190.1095993953136
1194.9162257495586
1175.772234819854
1161.2370874275632
1169.3216175359034
1179.669942050894
1193.0416981607457
1177.3324514991182
1180.785462333081
1181.3901486520535
1166.1564625850335
1188.4908037288988
1190.798059964727
1191.880196523054
1168.8296800201563
1151.494079113127
1186.1388259007304
1159.657974300831
1172.7607709750569
1147.4042579994962
1193.7055933484503
1189.0306122448985
1175.5366591080874
1181.3466868228772
1148.9575459813552
1157.9491055681538
1145.2595112118922
1186.9154698916607
1183.1853111615017
1144.4658604182412
1169.9634668682288
1186.5803728898966
1168.9405391786343
1170.0296044343663
1168.4800957420005
1183.0316200554294
1187.1882086167802
1169.573570168808
1180.6859410430834
1178.8775510204084
1188.683547493071
1155.0604686318968
1162.9938271604935
1179.8456790123455
1179.785210380448
1198.33522297808
1178.150667674477
1192.2152935248175
1197.4811035525322
1169.8255228017129
1160.524691358024
1175.7256235827663
1177.7872260015117
1161.6906021667926
1172.5623582766439
1168.648904006047
1158.7496850592088
1193.0133534895438
1187.9667422524565
1166.6578483245155
1194.0992693373644
1149.1087175610985
1168.5978835978833
1192.8250188964475
1172.142227261275
1174.6504157218442
1165.7382212144114
1173.4347442680776
1180.0365331317712
1195.6758629377675
1160.0655076845553
1193.1002771478963
1176.0323759133282
1199.47656840514
1174.8708742756362
1179.9867724867727
1191.7699672461579
1185.798059964727
1162.8010833963215
1167.8968253968255
1176.4317208364823
1194.8034769463338
1183.2810531620055
1169.9918115394305
1215.488788107836
1198.7295288485761
1140.040942302847
1158.5815066767448
1194.776392038297
1166.294406651549
1202.7412446460066
1165.4453262786594
1195.6078357268827
1182.1088435374152
1174.8286722096243
1200.134164777022
1159.7511967750065
1181.7630385487528
1172.0068027210882
1173.9216427311665
1169.6529352481734
1154.5792391030484
1195.1007810531619
1157.5044091710758
1170.1681783824645
1198.3282942806754
1163.298689846309
1167.198916603678
1187.142857142857
1187.586923658352
1185.5385487528347
1181.897833207357
1169.8412698412696
1187.3904006046864
1197.3752834467123
1167.4074074074072
1188.7414965986395
1180.645628621819
1192.3248929201309
1197.0023935500124
1183.295540438398
1187.2694633408921
1174.6775006298815
1188.8555051650287
1188.1613756613758
1194.474678760393
1212.9824892920126
1171.3561350466111
1185.2815570672713
1170.918997228521
1167.1894683799442
1163.9480977576213
1194.448223733938
1181.536281179138
1214.126984126984
1173.2218442932726
1154.1780045351472
1178.3635676492815
1168.7742504409168
1143.337112622827
1186.3025951121188
1160.2947845804988
1155.27273872512
1146.9929453262791
1161.062610229277
1201.9954648526075
1179.9798437893678
1171.9715293524816
1187.3538674729145
1184.0381708238851
1173.8844797178126
1181.1678004535147
1190.3250188964478
1197.5774754346185
1179.2258755353992
1176.3485764676243
1204.4564121945075
1155.7067271352985
1175.7394809775762
1185.9290753338369
1192.782816830436
1178.0530360292262
1192.3960695389264
1171.9520030234314
1178.6438649533889
1174.4734189972282
1180.827034517511
1203.1941295036531
1196.6402116402114
1174.628999748047
1182.6436130007553
1185.8282942806752
1172.8779289493573
1165.0951121189214
1201.8858654572937
1180.4434366339128
1147.411186696901
1176.8625598387505
1180.5530360292262
1192.2417485512726
1180.5794910556813
1141.6301335348953
1165.4957168052404
1199.2031997984377
1155.2072310405647
1154.5968757873518
1193.2974300831443
1204.4041320231797
1206.6843033509697
1176.2881078357268
1183.8473167044594
1178.8227513227514
1179.0822625346432
1169.2334341143865
1195.3489543965732
1183.759763164525
1175.9240362811788
1176.9778281683045
1183.8284202569916
1166.293146888385
1177.4892920131015
1174.0608465608466
1153.1739732930207
1156.7019400352733
1175.3974552784077
1190.8597883597888
1192.108213655833
1179.983623078861
1167.5346434870244
1201.419123204837
1192.3412698412699
1181.9337364575458
1199.1345427059712
1169.2025699168557
1186.5873015873017
1165.7451499118163
1183.8655832703455
1163.3289241622579
1163.2527084908036
1187.5182665658856
1191.8927941546985
1167.0804988662132
1183.8775510204084
1196.665406903502
1159.4784580498867
1172.1535651297559
1187.7450239354998
1167.285840262031
1169.2693373645754
1179.758125472411
1200.45666414714
1171.444318468128
1180.816326530612
1163.2734945830189
1175.7766439909296
1200.9870244394053
1182.5711766187958
1173.061224489796
1200.4377676996721
1169.1647770219197
1176.9431846812797
1198.4807256235829
1184.8784328546233
1176.1514235323757
1191.5425799949608
1190.4787100025194
1180.8793146888386
1200.726253464349
1207.583774250441
1188.803224993701
1194.153439153439
1182.5214159737966
1169.5275888133033
1174.312169312169
1172.759511211892
1169.2907533383716
1184.6271101033005
1180.478080120937
1172.110103300579
1185.7042076089697
1177.721088435374
1185.9914336104814
1189.8551272360799
1181.7258755353992
1154.875913328294
1170.6947593852356
1166.3718820861677
1198.7175610985134
1177.7702191987905
1181.0985134794653
1182.6379440665157
1188.4492315444695
1185.3961955152429
1186.828546233308
1176.8039808515996
1176.7762660619803
1161.5998992189468
1166.240866717057
1210.8264046359284
1175.8686067019398
1192.067271352986
1188.5777273872513
1158.9103048626857
1174.3335852859661
1193.0498866213152
1192.990047871
1180.8503401360545
1192.2833207357016
1197.505039052658
1173.9424288233813
1158.856135046611
1209.313429075334
1145.4868984630891
1183.0120937263791
1149.5483749055177
1181.7334341143862
1194.115646258503
1179.4457042076087
1187.1982867220963
1207.2461577223482
1212.1649029982357
1190.388636936256
1186.5444696397076
1199.3203577727386
1219.0136054421769
1157.648652053414
1199.644746787604
1180.2091206853108
1192.8804484756865
1164.7033257747541
1193.0328798185938
1164.8771730914582
1163.784328546233
1174.8242630385487
1167.379692617788
1165.5429579239103
1183.6073318216174
1172.1686822877298
1209.7341899722846
1159.4954648526075
1178.8429075333838
1206.2610229276897
1178.4360040312415
1184.993701184177
1175.4535147392285
1147.3998488284199
1187.363945578231
1186.614386495339
1191.2301587301583
1180.6664147140336
1167.0949861426047
1192.985008818342
1209.357520786092
1178.740866717057
1199.8601662887377
1196.555807508188
1164.8028470647516
1181.30574452003
