0.8102602233346715
0.8141977788347269
0.8161887151604522
0.7941261230867942
0.7816663505254952
0.7916045957463693
0.7771459793028821
0.8021900956988268
0.796596413723445
0.7899253951471317
0.786828017009542
0.8070780666943341
0.8059055738226231
0.8096363782255324
0.8072244351365861
0.7861952865756315
0.7942435634473778
0.7942257669566948
0.8135102311219156
0.7991311531350593
0.7994501891847935
0.798080061902805
0.7824865238927735
0.812045908087655
0.8286863506961942
0.8137009041305918
0.7949855610586304
0.7931025768311708
0.783500552756067
0.7977590028945724
0.8241533002332629
0.8358274423858305
0.7861558222224213
0.7952431835933671
0.8156759224486704
0.8211269481789384
0.8105073637300197
0.8142928137528318
0.797912645080613
0.7756902047860225
0.7901968416846633
0.8201143283289415
0.8023048138799512
0.8169477185906411
0.7915497014474491
0.7967518801932496
0.7887477221002037
0.806985520512876
0.8169779713495243
0.8089272780627629
0.7821259131748558
0.7958177891496506
0.8000884831153424
0.8127446320932675
0.8161581391188464
0.8151995669851946
0.8056157888016799
0.7950660251985714
0.7912968070022297
0.8058960895874957
0.8031995380619119
0.8162108954158587
0.7871361831349976
0.7727754507798162
0.7974874281917018
0.8010743681252096
0.8224081812029878
0.7941320430233572
0.7979298778988575
0.8030818758702485
0.8006807211885332
0.8042139137669924
0.7946056759717747
0.8158127003715236
0.7902111286130123
0.7742959170119094
0.7906868413704349
0.814112557810857
0.8211597972340157
0.7992372427919299
0.7891459215073278
0.8113999159809913
0.8160355193549248
0.8068073279355447
0.8090871972964896
0.7930490637579327
0.7812477242681743
0.7874234138767682
0.8094115953490947
0.8297503992462751
0.8101417743306525
0.7922285830488955
0.7874324197823372
0.7940005390085808
0.809666272631576
0.7988561779060397
0.8095782383466201
0.7994400832521233
0.7838366417093073
0.7973002015855876
0.7966348647012703
0.8060770584093191
0.8155765725301206
0.7959130321057081
0.799225322509233
0.7916998805180883
0.8227333760688054
0.8338881689077606
0.7983159246879492
0.7930156627763896
0.790186151675122
0.787739643679441
0.8079116099651116
0.8203552957459203
0.8080544449168068
0.8080736614620003
0.795552895455239
0.7935173116813736
0.8091141401745715
0.8120389286979354
0.8067973876882061
0.7878687629262073
0.7988877875596622
0.8043113028464581
0.8113028196782788
0.8342244420714088
0.8081220900729168
0.7925945014697307
0.8029649929399585
0.8038873518377795
0.8232510405065668
0.8165777008589747
0.7936099894177238
0.7842444682832643
0.7834433087592552
0.8042360274730752
0.8080972642553522
0.811176049391086
0.8094269146141846
0.7807802758091793
0.7906305818874748
0.8104196036296211
0.832277083236412
0.8118011277937743
0.7865979194161636
0.7933634080635453
0.8228092468958735
0.8204740891082921
0.8143890499818804
0.807925208243876
0.8024392637846219
0.8081203571392587
0.7989658944507289
0.8290738456294515
0.8029742303754247
0.7966420419938464
0.7944283090020678
0.8051234974431202
0.7847241191967748
0.8109906235767904
0.8138367262668849
0.8130968307148644
0.7898775595400257
0.7901125752056354
0.8053501097044291
0.8202892185428946
0.8081385794046636
0.797673684278451
0.7807471199157415
0.7950566666789091
0.7884281523470398
0.8192286733130019
0.8044673304381479
0.7936717534661004
0.7920097377615389
0.801138248864944
0.798232877877143
0.8181431433928773
0.8140340117546602
0.797358339551584
0.7938351965251271
0.7956486649329018
0.8062502862996882
0.8144860430878355
0.800119029255058
0.7990607654957375
0.788259363595264
0.7941880460749579
0.7952204887636868
0.7983044701162806
0.8240397271502145
0.8020979843868289
0.80340817398492
0.7965853775768752
0.8108772915210969
0.8129443085911976
0.818511308952485
0.8117043851455129
0.789581287319169
0.7946220452596829
0.8080754837992887
0.8171918901746686
0.8242712894999195
0.8075095374074666
0.7958196209172771
0.7970515002511779
0.8065916097280985
0.8185514247037682
0.7890191597107957
0.8082907945557298
0.7976942787604548
0.7827000390927437
0.8241407776506576
0.8057263030321392
0.8020832687976042
0.7862253631784877
0.7877260146933491
0.7988019429253339
0.8047447574207804
0.7988985987205195
0.8009353787042199
0.8017705110708323
0.7921908609925609
0.7975940470885323
0.8163884624362563
0.8266092503799302
0.8087107445505883
0.8046998096449041
0.7955882377439913
0.7902387938348415
0.8133151589780724
0.8216750301883571
0.8052976053081872
0.7925295688278221
0.7847410015152007
0.8056172273141479
0.8136627918730513
0.8088610180924058
0.808755329443035
0.8039461646266742
0.8007774522250621
0.7898683092846696
0.805007180702263
0.8108518778008305
0.8048458932305436
0.7903956981794752
0.7986045458843805
0.7787222563889068
0.8320893306456504
0.7963498599555219
0.8067348035695917
0.8087700429179837
0.7922001468214336
0.7951229619543033
0.8141077532047195
0.8173011743668906
0.7863590530180599
0.7967185145838636
0.8062242438678557
0.8197525355970348
0.8262188835228452
0.810990509439498
0.7780583652995606
0.7829745915338745
0.7833769535458409
0.8048454341308198
0.8090896700921735
0.8191092716770564
0.8156797272376312
0.8004425007182354
0.7858452190425993
0.7939832041681758
0.8220114036290502
0.8207131709946507
0.8045001516049307
0.7889391679603075
0.8042009097001956
0.8195935799693294
0.8104345122555138
0.8230841634621506
0.7878241545418159
0.8036907562413074
0.801696557119351
0.8105846589072688
0.8229472994580991
0.8216598003604576
0.8071097024911357
0.8040006344261493
0.8126825699656699
0.7962180863203377
0.8268907843586148
0.8006446200092789
0.7965560398292474
0.7901208670567585
0.7830991452889426
0.7998828664442175
0.8132027783797082
0.8030143021296512
0.7937291768071323
0.784063051302251
0.7861764103951598
0.8084124221876976
0.821395739421934
0.7902467955940042
0.7886138639240654
0.7996798136504012
0.8143292242203205
0.812138512529137
0.8267500510634337
0.8151062287895925
0.8233688709676757
0.7894770517472719
0.7951319266818493
0.8136964903968579
0.8153377608682488
0.7955016937544628
0.8010573269676763
0.7912676285635479
0.7951691697038662
0.8122997846975324
0.8195223855494991
0.7961549448049906
0.7990805813875663
0.8035397296484146
0.8096336823234914
0.8145587633766086
0.8078428075957945
0.8001503577101003
0.8049762277491809
0.8039042242224685
0.8033720886123894
0.7968163143025273
0.8018686985072676
0.8003632428896675
0.8077924233140223
0.8115180206602176
0.8321394980632107
0.785675727613191
0.8011357668067227
0.7973910618843977
0.7781425172050166
0.7929433037601691
0.8048222990285312
0.830819199310697
0.826806828409539
0.8076185418441852
0.8009340270448286
0.7967032117631353
0.7947756842575313
0.8067399365931193
0.8119671956413679
0.7899842160239675
0.7870188852027205
0.8058519537267959
0.7977546929952353
0.791069683354839
0.7951576667052306
0.797332345580277
0.7807737069915374
0.802349343868367
0.8288294426162068
0.82663811818798
0.8259097214060446
0.799265050844784
0.8020475924198345
0.8243090568285877
0.8222896148734842
0.8199287857261203
0.8220761831370379
0.795332264310229
0.7914921552099854
0.8130081143580675
0.8119939719951205
0.808142662204013
0.8120654436199007
0.7819229916003323
0.7919313115142611
0.8014478308163603
0.8026128149912739
0.803664697868512
0.7975965357916185
0.7980060972792681
0.8028050942113438
0.8042121373061167
0.8058983825355606
0.8083956816263799
0.8113585926430592
0.8065475438062752
0.7865764252597889
0.814549349013237
0.8066791409162734
0.8160637367381388
0.779729519102221
0.807639696776875
0.8098173056344131
0.8145891638998253
0.8166052741937389
0.816154168443194
0.7945552048033662
0.7987240942778621
0.8168449861005002
0.8275170129604866
0.8193615221073856
0.8186846739686932
0.8250543790870071
0.7884269484855417
0.8098553018417445
0.8100015786654108
0.8014741877046563
0.8087437250934367
0.8010166132121549
0.7886853483016163
0.7889010333518599
0.8278796786530677
0.8178131196570991
0.8017380361417583
0.799728170241727
0.8048200325592446
0.8058497779028564
0.8130151371743254
0.8088831849574034
0.8052066449001308
0.8053174785539212
0.7729079437719139
0.7958429776157253
0.8090999099960496
0.8117046734923568
0.8082332515064592
0.7976201475454691
0.7745056784004389
0.7901913203728458
0.822764568706845
0.8141088767237664
0.7986252742369107
0.7717446885370282
0.8055757527552101
0.7955936839151446
0.8267028786674924
0.8163173382573414
0.7919246730597828
0.8123279521771442
0.8017488823727329
0.7978273258604135
0.8050165105281928
0.7949851152486356
0.8015879487903842
0.804231341064981
0.7748243350888226
0.8075875423099319
0.8013213489431316
0.8122887663041609
0.8126344357759434
0.796401159349229
0.8051116864650868
0.8285873217111722
0.8124008765437991
0.7924724001059136
0.8034432096702313
0.7948085724099168
0.8000320209304582
0.8009852254567323
0.7997845138929693
0.8158068985323237
0.7965567635489503
0.7820513534667943
0.793774841288688
0.8025545934946325
0.8103280412908165
0.7866596625902683
0.7858576083923169
0.7912881569660662
0.8166202822912376
0.8257579787451106
0.8021522620557541
0.801926948026442
0.7919696775854862
0.7918316065317443
0.8139804424685537
0.8156407809153665
0.8199501861496344
0.8059543803518138
0.784713867781846
0.8024431482783959
0.8120518121839349
0.812298505594691
0.8139416329029693
0.8058119366081218
0.791855085019147
0.799501112908741
0.8018151011315072
0.8202471739351331
0.818777475205554
0.8006130760659833
0.7846688250313921
0.799347752558919
0.801339853212555
0.8149369070727059
0.8172023690923041
0.8026760746039839
0.8144566268435508
